X,Y,EventCode,EventName,Timestamp,ProcessID
992,98,512,Move,32642759,21
991,96,512,Move,32642775,21
991,95,512,Move,32642783,21
991,94,512,Move,32642791,21
991,92,512,Move,32642799,21
991,91,512,Move,32642807,21
991,88,512,Move,32642815,21
991,85,512,Move,32642823,21
991,84,512,Move,32642831,21
991,82,512,Move,32642839,21
991,80,512,Move,32642847,21
991,78,512,Move,32642855,21
991,76,512,Move,32642863,21
991,75,512,Move,32642871,21
991,73,512,Move,32642879,21
991,71,512,Move,32642887,21
991,70,512,Move,32642895,21
992,68,512,Move,32642903,21
993,66,512,Move,32642911,21
993,65,512,Move,32642919,21
993,64,512,Move,32642927,21
996,47,512,Move,32643032,21
996,47,512,Move,32643032,21
996,45,512,Move,32643039,21
996,45,512,Move,32643039,21
997,43,512,Move,32643047,21
998,41,512,Move,32643055,21
1000,39,512,Move,32643063,21
1001,38,512,Move,32643071,21
1001,36,160,Move,32643079,21
1005,31,160,Move,32643117,21
1005,31,160,Move,32643117,21
1005,30,160,Move,32643119,21
1005,29,160,Move,32643127,21
1005,28,160,Move,32643135,21
1006,27,160,Move,32643143,21
1007,26,160,Move,32643151,21
1007,25,160,Move,32643159,21
1008,24,160,Move,32643175,21
1008,23,160,Move,32643183,21
1008,22,160,Move,32643191,21
1008,21,160,Move,32643207,21
1008,20,160,Move,32643223,21
1008,19,160,Move,32643231,21
1008,18,160,Move,32643248,21
1008,18,160,Move,32643249,21
1008,17,160,Move,32643263,21
1008,16,160,Move,32643279,21
1008,15,160,Move,32643295,21
1008,14,160,Move,32643311,21
1008,13,160,Move,32643327,21
1008,12,160,Move,32643343,21
1009,11,160,Move,32643367,21
1009,10,160,Move,32643383,21
1009,10,161,Pressed,32643471,21
1009,10,514,Released,32643591,21
1009,11,512,Move,32643642,2
1009,12,512,Move,32643654,2
1009,12,512,Move,32643657,2
1009,13,512,Move,32643663,2
1008,15,512,Move,32643671,2
1008,16,512,Move,32643679,2
1006,19,512,Move,32643687,2
1005,22,512,Move,32643695,2
1003,26,512,Move,32643703,2
1001,29,512,Move,32643711,2
1000,32,512,Move,32643719,2
998,37,512,Move,32643727,2
994,42,512,Move,32643735,2
991,48,512,Move,32643743,2
985,54,512,Move,32643751,2
978,64,512,Move,32643759,2
973,71,512,Move,32643767,2
967,79,512,Move,32643775,2
960,88,512,Move,32643783,2
954,97,512,Move,32643791,2
943,107,512,Move,32643799,2
932,118,512,Move,32643807,2
924,129,512,Move,32643815,2
915,139,512,Move,32643823,2
909,147,512,Move,32643831,2
901,158,512,Move,32643839,2
893,167,512,Move,32643847,2
883,178,512,Move,32643855,2
871,191,512,Move,32643863,2
858,203,160,Move,32643872,2
845,218,512,Move,32643879,2
827,233,512,Move,32643887,2
805,249,512,Move,32643895,2
781,266,512,Move,32643903,2
766,279,512,Move,32643911,2
753,292,512,Move,32643919,2
742,303,512,Move,32643927,2
733,312,512,Move,32643935,2
725,322,512,Move,32643943,2
719,328,512,Move,32643951,2
711,336,512,Move,32643959,2
705,343,512,Move,32643967,2
697,351,512,Move,32643975,2
688,358,512,Move,32643983,2
677,364,512,Move,32643991,2
666,373,512,Move,32643999,2
655,382,512,Move,32644007,2
644,390,512,Move,32644015,2
633,398,512,Move,32644023,2
624,408,512,Move,32644031,2
615,414,512,Move,32644039,2
607,421,512,Move,32644047,2
603,425,512,Move,32644055,2
599,427,512,Move,32644063,2
594,432,512,Move,32644071,2
588,437,512,Move,32644079,2
581,442,512,Move,32644087,2
575,446,512,Move,32644095,2
567,453,512,Move,32644103,2
558,458,512,Move,32644111,2
552,464,512,Move,32644119,2
544,469,512,Move,32644127,2
537,473,512,Move,32644135,2
532,476,512,Move,32644143,2
528,479,512,Move,32644151,2
524,483,512,Move,32644159,2
519,486,512,Move,32644167,2
516,487,512,Move,32644175,2
508,489,512,Move,32644183,2
504,491,512,Move,32644191,2
499,494,512,Move,32644199,2
493,496,512,Move,32644207,2
487,499,512,Move,32644215,2
481,502,512,Move,32644223,2
474,504,512,Move,32644231,2
468,507,512,Move,32644239,2
462,512,512,Move,32644247,2
456,517,512,Move,32644255,2
452,519,512,Move,32644263,2
448,522,512,Move,32644271,2
445,525,512,Move,32644279,2
442,527,512,Move,32644287,2
438,530,512,Move,32644295,2
434,535,512,Move,32644303,2
431,536,512,Move,32644311,2
427,539,512,Move,32644319,2
422,542,512,Move,32644327,2
418,545,512,Move,32644335,2
414,547,512,Move,32644343,2
411,550,512,Move,32644351,2
408,552,512,Move,32644359,2
406,554,512,Move,32644367,2
405,555,512,Move,32644375,2
403,556,512,Move,32644383,2
402,557,512,Move,32644391,2
401,558,512,Move,32644399,2
399,560,512,Move,32644407,2
398,560,512,Move,32644415,2
397,562,512,Move,32644423,2
396,562,512,Move,32644439,2
395,563,512,Move,32644447,2
395,564,512,Move,32644495,2
394,564,512,Move,32644519,2
393,565,512,Move,32644535,2
393,566,512,Move,32644543,2
392,566,512,Move,32644551,2
391,567,512,Move,32644559,2
390,568,512,Move,32644567,2
389,569,512,Move,32644583,2
388,570,512,Move,32644591,2
387,571,512,Move,32644599,2
387,571,513,Pressed,32644767,2
387,571,512,Move,32644797,2
387,571,514,Released,32644887,2
387,571,512,Move,32644887,2
387,571,515,doubleclick,32644983,2
387,571,512,Move,32645050,2
387,571,512,Move,32645052,2
387,571,514,Released,32645143,2
387,571,512,Move,32645290,2
387,571,512,Move,32645292,2
387,571,512,Move,32645293,2
387,571,512,Move,32645294,2
387,571,512,Move,32645296,2
387,571,512,Move,32645298,2
387,571,512,Move,32645299,2
387,571,512,Move,32645300,2
387,571,512,Move,32645301,2
387,571,512,Move,32645306,2
387,571,512,Move,32645307,2
387,571,512,Move,32645308,2
387,571,512,Move,32645310,2
387,571,512,Move,32645312,2
387,571,512,Move,32645312,2
387,571,512,Move,32645317,2
387,571,512,Move,32645317,2
387,571,512,Move,32645318,2
387,571,512,Move,32645319,2
387,571,512,Move,32645321,2
387,571,512,Move,32645321,2
387,571,512,Move,32645322,2
387,571,512,Move,32645323,2
387,571,512,Move,32645324,2
388,570,512,Move,32645335,2
388,570,512,Move,32645338,2
388,570,512,Move,32645342,2
389,570,512,Move,32645343,2
450,555,512,Move,32645549,21
450,555,512,Move,32645549,21
453,554,512,Move,32645552,21
453,554,512,Move,32645553,21
456,553,512,Move,32645560,21
456,553,512,Move,32645560,21
459,553,512,Move,32645567,21
463,552,512,Move,32645580,21
463,552,512,Move,32645580,21
470,550,512,Move,32645583,21
470,550,512,Move,32645583,21
477,549,512,Move,32645592,21
477,549,512,Move,32645592,21
486,548,512,Move,32645605,21
486,548,512,Move,32645606,21
494,547,512,Move,32645607,21
494,547,512,Move,32645608,21
505,544,512,Move,32645620,21
505,544,512,Move,32645621,21
509,544,512,Move,32645623,21
515,541,512,Move,32645631,21
515,541,512,Move,32645632,21
776,350,512,Move,32645838,21
776,350,512,Move,32645838,21
775,349,512,Move,32645839,21
775,349,512,Move,32645840,21
770,348,512,Move,32646036,21
770,348,512,Move,32646036,21
771,348,512,Move,32646071,21
772,348,512,Move,32646079,21
776,348,512,Move,32646089,21
776,348,512,Move,32646089,21
779,348,512,Move,32646095,21
781,347,512,Move,32646103,21
782,346,512,Move,32646111,21
784,346,512,Move,32646119,21
785,345,512,Move,32646127,21
786,344,512,Move,32646135,21
788,344,512,Move,32646143,21
789,344,512,Move,32646151,21
791,344,512,Move,32646159,21
792,343,512,Move,32646167,21
793,343,512,Move,32646183,21
793,343,522,Unknown(522),32646471,21
793,343,522,Unknown(522),32646501,21
793,343,522,Unknown(522),32646502,21
793,343,522,Unknown(522),32646530,21
793,343,522,Unknown(522),32646530,21
793,343,522,Unknown(522),32646568,21
793,343,522,Unknown(522),32646568,21
793,343,522,Unknown(522),32646823,21
793,343,522,Unknown(522),32646843,21
793,343,522,Unknown(522),32646843,21
793,343,522,Unknown(522),32646855,21
793,343,522,Unknown(522),32646863,21
793,343,522,Unknown(522),32646906,21
793,343,522,Unknown(522),32646906,21
793,343,522,Unknown(522),32647207,21
793,343,522,Unknown(522),32647231,21
793,343,522,Unknown(522),32647262,21
793,343,522,Unknown(522),32647262,21
793,343,522,Unknown(522),32647289,21
793,343,522,Unknown(522),32647289,21
793,343,522,Unknown(522),32647325,21
793,343,522,Unknown(522),32647326,21
791,342,512,Move,32647383,21
793,340,512,Move,32647391,21
804,333,512,Move,32647399,21
815,326,512,Move,32647407,21
827,318,512,Move,32647415,21
841,309,512,Move,32647423,21
861,293,512,Move,32647431,21
882,277,512,Move,32647439,21
930,238,512,Move,32647468,21
930,238,512,Move,32647468,21
943,226,512,Move,32647471,21
952,216,512,Move,32647479,21
960,205,512,Move,32647487,21
968,196,512,Move,32647495,21
972,186,512,Move,32647503,21
976,177,512,Move,32647511,21
980,166,512,Move,32647519,21
984,159,512,Move,32647527,21
988,150,512,Move,32647535,21
991,143,512,Move,32647543,21
993,138,512,Move,32647551,21
996,133,512,Move,32647559,21
996,129,512,Move,32647567,21
997,124,512,Move,32647575,21
998,119,512,Move,32647583,21
1000,111,512,Move,32647591,21
1004,104,512,Move,32647599,21
1006,98,512,Move,32647607,21
1010,91,512,Move,32647615,21
1013,85,512,Move,32647623,21
1015,79,512,Move,32647631,21
1019,75,512,Move,32647639,21
1022,71,512,Move,32647647,21
1023,68,512,Move,32647655,21
1023,64,512,Move,32647663,21
1023,56,512,Move,32647687,21
1023,56,512,Move,32647687,21
1023,55,512,Move,32647695,21
1023,53,512,Move,32647703,21
1023,51,512,Move,32647711,21
1023,50,512,Move,32647727,21
1023,49,512,Move,32647735,21
1023,48,512,Move,32647767,21
1022,48,512,Move,32647783,21
1022,47,512,Move,32647791,21
1021,47,512,Move,32647799,21
1020,47,512,Move,32647807,21
1020,46,512,Move,32647815,21
1019,46,512,Move,32647823,21
1018,46,512,Move,32647831,21
1017,45,512,Move,32647839,21
1016,45,512,Move,32647855,21
1014,45,512,Move,32647863,21
1013,44,512,Move,32647879,21
1012,44,512,Move,32647887,21
1012,43,512,Move,32647895,21
1011,42,512,Move,32647903,21
1011,41,512,Move,32647911,21
1011,40,512,Move,32647919,21
1011,38,512,Move,32647927,21
1011,37,160,Move,32647935,21
1011,35,160,Move,32647943,21
1009,25,160,Move,32648039,21
1009,25,160,Move,32648040,21
1009,23,160,Move,32648047,21
1009,21,160,Move,32648063,21
1009,20,160,Move,32648071,21
1009,19,160,Move,32648087,21
1010,16,160,Move,32648119,21
1010,16,160,Move,32648119,21
1010,15,160,Move,32648127,21
1011,14,160,Move,32648143,21
1012,13,160,Move,32648151,21
1012,12,160,Move,32648159,21
1012,11,160,Move,32648175,21
1012,10,160,Move,32648183,21
1012,9,160,Move,32648199,21
1012,8,160,Move,32648215,21
1012,8,161,Pressed,32648319,21
1012,8,514,Released,32648383,21
1012,9,512,Move,32648477,2
1012,10,512,Move,32648490,2
1012,10,512,Move,32648493,2
1011,10,512,Move,32648495,2
1011,11,512,Move,32648503,2
1010,13,512,Move,32648511,2
1008,14,512,Move,32648519,2
1006,17,512,Move,32648527,2
1003,20,512,Move,32648535,2
1001,24,512,Move,32648543,2
998,29,512,Move,32648551,2
993,33,512,Move,32648559,2
990,39,512,Move,32648567,2
985,45,512,Move,32648575,2
980,51,512,Move,32648583,2
975,57,512,Move,32648591,2
970,65,512,Move,32648600,2
966,71,512,Move,32648607,2
961,77,512,Move,32648615,2
956,84,512,Move,32648623,2
950,90,512,Move,32648631,2
942,98,512,Move,32648639,2
932,109,512,Move,32648647,2
921,120,512,Move,32648655,2
914,126,512,Move,32648663,2
899,140,512,Move,32648671,2
886,151,512,Move,32648679,2
869,165,512,Move,32648687,2
848,181,512,Move,32648695,2
827,196,512,Move,32648703,2
803,213,512,Move,32648711,2
785,228,512,Move,32648719,2
764,244,512,Move,32648727,2
743,260,512,Move,32648735,2
721,275,512,Move,32648743,2
703,290,512,Move,32648751,2
679,307,512,Move,32648759,2
659,321,512,Move,32648767,2
642,331,512,Move,32648775,2
628,341,512,Move,32648783,2
615,350,512,Move,32648791,2
603,358,512,Move,32648799,2
592,366,512,Move,32648807,2
581,375,512,Move,32648815,2
570,384,512,Move,32648823,2
559,392,512,Move,32648831,2
549,398,512,Move,32648839,2
536,405,512,Move,32648847,2
526,412,512,Move,32648855,2
518,417,512,Move,32648863,2
512,422,512,Move,32648871,2
508,425,512,Move,32648879,2
505,427,512,Move,32648887,2
505,428,512,Move,32649143,2
504,429,512,Move,32649151,2
501,429,512,Move,32649159,2
498,429,512,Move,32649167,2
497,429,512,Move,32649175,2
494,429,512,Move,32649183,2
493,429,512,Move,32649191,2
492,429,512,Move,32649199,2
489,429,512,Move,32649207,2
487,429,512,Move,32649215,2
483,429,512,Move,32649223,2
479,429,512,Move,32649231,2
474,429,512,Move,32649239,2
467,429,512,Move,32649247,2
462,429,512,Move,32649255,2
457,429,512,Move,32649263,2
453,429,512,Move,32649271,2
452,429,512,Move,32649279,2
450,429,512,Move,32649287,2
448,429,512,Move,32649295,2
447,429,512,Move,32649303,2
446,429,512,Move,32649311,2
446,431,512,Move,32649319,2
444,432,512,Move,32649327,2
443,433,512,Move,32649335,2
441,436,512,Move,32649343,2
440,439,512,Move,32649351,2
438,442,512,Move,32649359,2
437,445,512,Move,32649367,2
436,449,512,Move,32649375,2
434,452,512,Move,32649383,2
434,456,512,Move,32649391,2
432,461,512,Move,32649399,2
432,467,512,Move,32649407,2
431,470,512,Move,32649415,2
429,476,512,Move,32649423,2
428,481,512,Move,32649431,2
427,487,512,Move,32649439,2
427,492,512,Move,32649447,2
425,497,512,Move,32649455,2
424,501,512,Move,32649463,2
422,505,512,Move,32649471,2
420,509,512,Move,32649479,2
418,514,512,Move,32649487,2
417,517,512,Move,32649495,2
415,520,512,Move,32649503,2
414,524,512,Move,32649511,2
412,528,512,Move,32649519,2
410,532,512,Move,32649527,2
409,538,512,Move,32649535,2
407,540,512,Move,32649543,2
406,543,512,Move,32649551,2
405,546,512,Move,32649559,2
404,549,512,Move,32649567,2
404,550,512,Move,32649575,2
403,552,512,Move,32649583,2
402,553,512,Move,32649591,2
401,554,512,Move,32649599,2
401,555,512,Move,32649607,2
400,557,512,Move,32649615,2
398,557,512,Move,32649623,2
397,558,512,Move,32649631,2
397,559,512,Move,32649639,2
397,560,512,Move,32649647,2
396,560,512,Move,32649655,2
395,560,512,Move,32649671,2
394,559,512,Move,32649679,2
393,558,512,Move,32649687,2
392,556,512,Move,32649695,2
389,551,512,Move,32649703,2
382,542,512,Move,32649711,2
376,533,512,Move,32649719,2
369,522,512,Move,32649727,2
358,506,512,Move,32649735,2
347,486,512,Move,32649743,2
335,463,512,Move,32649751,2
318,431,512,Move,32649759,2
302,398,512,Move,32649767,2
286,366,512,Move,32649775,2
269,333,512,Move,32649783,2
253,300,512,Move,32649791,2
237,268,512,Move,32649799,2
225,236,512,Move,32649807,2
215,217,512,Move,32649815,2
208,198,512,Move,32649823,2
204,186,512,Move,32649831,2
202,178,512,Move,32649839,2
201,168,512,Move,32649847,2
200,161,512,Move,32649855,2
197,153,512,Move,32649863,2
196,148,512,Move,32649871,2
196,143,512,Move,32649879,2
196,140,512,Move,32649887,2
196,137,512,Move,32649895,2
196,136,512,Move,32649903,2
196,134,512,Move,32649911,2
196,133,512,Move,32649927,2
195,132,512,Move,32649935,2
195,131,512,Move,32649951,2
194,131,512,Move,32649975,2
194,130,512,Move,32649983,2
194,129,512,Move,32649999,2
193,129,512,Move,32650103,2
193,130,512,Move,32650119,2
192,131,512,Move,32650127,2
192,133,512,Move,32650135,2
191,135,512,Move,32650143,2
190,136,512,Move,32650151,2
188,137,512,Move,32650159,2
188,138,512,Move,32650167,2
186,139,512,Move,32650175,2
185,140,512,Move,32650183,2
185,141,512,Move,32650191,2
183,142,512,Move,32650199,2
182,142,512,Move,32650207,2
180,142,512,Move,32650215,2
178,143,512,Move,32650223,2
177,143,512,Move,32650231,2
176,143,512,Move,32650239,2
174,143,512,Move,32650247,2
174,142,512,Move,32650263,2
174,141,512,Move,32650271,2
173,140,512,Move,32650279,2
173,139,512,Move,32650295,2
173,137,512,Move,32650303,2
173,136,512,Move,32650319,2
173,135,512,Move,32650327,2
173,134,512,Move,32650343,2
173,133,512,Move,32650351,2
173,132,512,Move,32650367,2
173,132,513,Pressed,32650455,2
173,132,514,Released,32650543,2
173,132,512,Move,32650613,2
173,133,512,Move,32650618,2
173,134,512,Move,32650627,2
173,135,512,Move,32650639,2
173,137,512,Move,32650647,2
173,138,512,Move,32650655,2
173,140,512,Move,32650663,2
173,144,512,Move,32650671,2
173,145,512,Move,32650679,2
173,149,512,Move,32650687,2
174,152,512,Move,32650695,2
175,156,512,Move,32650703,2
177,160,512,Move,32650712,2
181,166,512,Move,32650719,2
183,171,512,Move,32650727,2
187,177,512,Move,32650735,2
192,185,512,Move,32650743,2
196,191,512,Move,32650751,2
201,198,512,Move,32650759,2
208,206,512,Move,32650767,2
214,214,512,Move,32650775,2
219,221,512,Move,32650783,2
226,232,512,Move,32650791,2
232,238,512,Move,32650799,2
237,245,512,Move,32650807,2
240,250,512,Move,32650815,2
247,257,512,Move,32650823,2
253,265,512,Move,32650831,2
258,271,512,Move,32650839,2
263,279,512,Move,32650847,2
266,284,512,Move,32650855,2
270,289,512,Move,32650863,2
273,293,512,Move,32650871,2
276,296,512,Move,32650879,2
278,298,512,Move,32650887,2
279,300,512,Move,32650895,2
280,302,512,Move,32650903,2
282,304,512,Move,32650911,2
284,306,512,Move,32650919,2
286,308,512,Move,32650927,2
287,310,512,Move,32650935,2
288,312,512,Move,32650943,2
290,314,512,Move,32650951,2
291,316,512,Move,32650959,2
293,317,512,Move,32650967,2
295,318,512,Move,32650975,2
296,320,512,Move,32650983,2
297,323,512,Move,32650991,2
300,325,512,Move,32650999,2
302,328,512,Move,32651007,2
303,330,512,Move,32651015,2
305,332,512,Move,32651023,2
306,335,512,Move,32651031,2
308,338,512,Move,32651039,2
310,339,512,Move,32651047,2
312,341,512,Move,32651055,2
313,343,512,Move,32651063,2
315,346,512,Move,32651071,2
315,347,512,Move,32651079,2
317,348,512,Move,32651087,2
317,350,512,Move,32651095,2
317,352,512,Move,32651103,2
318,353,512,Move,32651111,2
318,354,512,Move,32651119,2
318,356,512,Move,32651127,2
319,358,512,Move,32651143,2
319,359,512,Move,32651151,2
319,360,512,Move,32651167,2
319,361,512,Move,32651175,2
319,362,512,Move,32651191,2
319,363,512,Move,32651199,2
319,364,512,Move,32651207,2
319,365,512,Move,32651223,2
319,366,512,Move,32651231,2
319,368,512,Move,32651247,2
319,369,512,Move,32651255,2
319,370,512,Move,32651263,2
319,372,512,Move,32651271,2
319,373,512,Move,32651279,2
319,374,512,Move,32651287,2
319,376,512,Move,32651295,2
319,378,512,Move,32651311,2
319,379,512,Move,32651327,2
319,380,512,Move,32651335,2
319,381,512,Move,32651343,2
319,382,512,Move,32651351,2
319,383,512,Move,32651359,2
319,384,512,Move,32651367,2
319,385,512,Move,32651383,2
319,386,512,Move,32651391,2
319,387,512,Move,32651399,2
319,388,512,Move,32651407,2
319,389,512,Move,32651415,2
319,390,512,Move,32651423,2
319,391,512,Move,32651431,2
319,392,512,Move,32651439,2
319,393,512,Move,32651447,2
319,394,512,Move,32651455,2
319,395,512,Move,32651463,2
319,396,512,Move,32651471,2
319,397,512,Move,32651479,2
319,399,512,Move,32651487,2
319,400,512,Move,32651495,2
319,401,512,Move,32651511,2
319,402,512,Move,32651519,2
319,403,512,Move,32651527,2
320,403,512,Move,32651583,2
321,403,512,Move,32651591,2
323,403,512,Move,32651599,2
325,403,512,Move,32651607,2
328,403,512,Move,32651615,2
334,401,512,Move,32651623,2
339,399,512,Move,32651631,2
345,397,512,Move,32651639,2
349,394,512,Move,32651647,2
351,391,512,Move,32651655,2
352,388,512,Move,32651663,2
352,387,512,Move,32651679,2
352,387,512,Move,32651931,2
352,386,512,Move,32651959,2
352,385,512,Move,32651967,2
352,384,512,Move,32651975,2
352,382,512,Move,32651991,2
351,379,512,Move,32651999,2
350,378,512,Move,32652007,2
349,375,512,Move,32652015,2
348,373,512,Move,32652023,2
348,373,512,Move,32652024,2
347,372,512,Move,32652031,2
346,370,512,Move,32652039,2
346,367,512,Move,32652047,2
344,365,512,Move,32652055,2
343,363,512,Move,32652063,2
342,361,512,Move,32652071,2
341,357,512,Move,32652079,2
340,355,512,Move,32652087,2
339,353,512,Move,32652095,2
338,351,512,Move,32652103,2
338,349,512,Move,32652111,2
337,348,512,Move,32652119,2
336,345,512,Move,32652127,2
336,343,512,Move,32652135,2
335,341,512,Move,32652143,2
334,340,512,Move,32652151,2
333,338,512,Move,32652159,2
332,336,512,Move,32652167,2
332,335,512,Move,32652183,2
331,334,512,Move,32652191,2
331,333,512,Move,32652199,2
330,332,512,Move,32652207,2
330,331,512,Move,32652215,2
330,330,512,Move,32652223,2
329,330,512,Move,32652239,2
329,329,512,Move,32652247,2
329,328,512,Move,32652255,2
328,328,512,Move,32652263,2
328,327,512,Move,32652271,2
328,326,512,Move,32652295,2
328,325,512,Move,32652327,2
328,324,512,Move,32652359,2
328,323,512,Move,32652375,2
328,322,512,Move,32652399,2
328,321,512,Move,32652407,2
328,320,512,Move,32652423,2
327,320,512,Move,32652431,2
327,319,512,Move,32652439,2
327,318,512,Move,32652447,2
327,317,512,Move,32652463,2
327,316,512,Move,32652503,2
327,315,512,Move,32652519,2
327,315,513,Pressed,32652703,2
327,315,512,Move,32652734,2
327,315,514,Released,32652847,2
327,315,512,Move,32652848,2
326,315,512,Move,32652855,2
324,315,512,Move,32652863,2
323,315,512,Move,32652871,2
321,315,512,Move,32652879,2
319,316,512,Move,32652887,2
318,316,512,Move,32652895,2
317,316,512,Move,32652903,2
315,316,512,Move,32652911,2
314,317,512,Move,32652927,2
313,317,512,Move,32652935,2
312,317,512,Move,32652951,2
311,317,512,Move,32652959,2
310,317,512,Move,32652967,2
309,317,512,Move,32652975,2
308,317,512,Move,32652983,2
307,317,512,Move,32652991,2
306,317,512,Move,32653007,2
305,317,512,Move,32653015,2
304,317,512,Move,32653031,2
303,317,512,Move,32653047,2
302,317,512,Move,32653055,2
302,316,512,Move,32653071,2
301,316,512,Move,32653079,2
300,316,512,Move,32653087,2
300,315,512,Move,32653103,2
299,315,512,Move,32653111,2
298,315,512,Move,32653119,2
297,314,512,Move,32653127,2
296,314,512,Move,32653183,2
295,314,512,Move,32653207,2
294,314,512,Move,32653231,2
293,314,512,Move,32653239,2
292,314,512,Move,32653263,2
292,313,512,Move,32653415,2
292,313,513,Pressed,32653655,2
292,313,512,Move,32653656,2
293,313,512,Move,32653895,2
294,313,512,Move,32653903,2
296,313,512,Move,32653911,2
296,313,512,Move,32653914,2
296,313,512,Move,32653919,2
300,313,512,Move,32653919,2
305,313,512,Move,32653927,2
308,313,512,Move,32653935,2
311,313,512,Move,32653943,2
315,313,512,Move,32653951,2
318,313,512,Move,32653959,2
321,313,512,Move,32653967,2
324,313,512,Move,32653975,2
327,313,512,Move,32653983,2
330,312,512,Move,32653991,2
334,311,512,Move,32653999,2
340,309,512,Move,32654007,2
345,309,512,Move,32654015,2
350,307,512,Move,32654023,2
354,305,512,Move,32654031,2
360,304,512,Move,32654039,2
364,302,512,Move,32654047,2
367,301,512,Move,32654055,2
368,300,512,Move,32654063,2
370,300,512,Move,32654071,2
371,298,512,Move,32654079,2
372,297,512,Move,32654087,2
372,296,512,Move,32654095,2
372,295,512,Move,32654103,2
373,294,512,Move,32654111,2
373,293,512,Move,32654119,2
373,290,512,Move,32654127,2
374,288,512,Move,32654135,2
374,286,512,Move,32654143,2
374,282,512,Move,32654151,2
374,279,512,Move,32654159,2
374,275,512,Move,32654167,2
374,271,512,Move,32654175,2
374,271,512,Move,32654179,2
374,268,512,Move,32654184,2
374,264,512,Move,32654191,2
374,260,512,Move,32654199,2
373,258,512,Move,32654207,2
372,254,512,Move,32654215,2
372,254,512,Move,32654219,2
371,250,512,Move,32654223,2
369,246,512,Move,32654231,2
368,244,512,Move,32654239,2
366,241,512,Move,32654247,2
365,237,512,Move,32654255,2
365,237,512,Move,32654259,2
363,236,512,Move,32654263,2
362,232,512,Move,32654271,2
361,230,512,Move,32654279,2
359,227,512,Move,32654287,2
359,227,514,Released,32654288,2
356,224,512,Move,32654306,2
354,222,512,Move,32654311,2
353,220,512,Move,32654319,2
353,220,513,Pressed,32654320,2
349,215,512,Move,32654363,2
349,214,512,Move,32654368,2
345,211,512,Move,32654393,2
345,209,512,Move,32654399,2
344,209,512,Move,32654407,2
343,208,512,Move,32654415,2
342,207,512,Move,32654423,2
341,207,512,Move,32654431,2
341,206,512,Move,32654439,2
340,205,512,Move,32654447,2
339,205,512,Move,32654455,2
338,204,512,Move,32654463,2
338,203,512,Move,32654479,2
337,203,512,Move,32654495,2
337,202,512,Move,32654511,2
336,202,512,Move,32654527,2
335,201,512,Move,32654535,2
334,201,512,Move,32654551,2
334,200,512,Move,32654559,2
333,200,512,Move,32654567,2
333,199,512,Move,32654575,2
332,199,512,Move,32654591,2
331,199,512,Move,32654599,2
331,198,512,Move,32654607,2
330,198,512,Move,32654719,2
329,198,512,Move,32654735,2
328,198,512,Move,32654783,2
330,198,512,Move,32655039,2
332,198,512,Move,32655047,2
337,198,512,Move,32655055,2
337,198,512,Move,32655059,2
343,198,512,Move,32655063,2
349,198,512,Move,32655071,2
356,198,512,Move,32655079,2
363,198,512,Move,32655087,2
368,196,512,Move,32655095,2
374,195,512,Move,32655103,2
377,195,512,Move,32655111,2
380,195,512,Move,32655119,2
382,195,512,Move,32655127,2
383,195,512,Move,32655143,2
383,196,512,Move,32655440,2
382,196,512,Move,32655447,2
381,196,512,Move,32655479,2
381,197,512,Move,32655527,2
380,197,512,Move,32655535,2
379,197,512,Move,32655543,2
379,198,512,Move,32655551,2
378,198,512,Move,32655559,2
377,198,512,Move,32655583,2
377,199,512,Move,32655711,2
377,200,512,Move,32655727,2
377,201,512,Move,32655751,2
377,202,512,Move,32655759,2
377,203,512,Move,32655775,2
378,204,512,Move,32655783,2
379,205,512,Move,32655791,2
380,206,512,Move,32655799,2
382,208,512,Move,32655807,2
385,210,512,Move,32655815,2
387,212,512,Move,32655823,2
390,213,512,Move,32655831,2
391,214,512,Move,32655839,2
393,214,512,Move,32655847,2
396,215,512,Move,32655855,2
398,216,512,Move,32655871,2
400,216,512,Move,32655879,2
402,218,512,Move,32655895,2
403,219,512,Move,32655903,2
405,219,512,Move,32655911,2
406,221,512,Move,32655919,2
408,222,512,Move,32655927,2
409,224,512,Move,32655935,2
412,226,512,Move,32655943,2
413,226,512,Move,32655951,2
415,229,512,Move,32655959,2
416,231,512,Move,32655967,2
418,233,512,Move,32655975,2
421,236,512,Move,32655983,2
425,242,512,Move,32655991,2
425,242,512,Move,32655994,2
429,247,512,Move,32655999,2
434,251,512,Move,32656007,2
440,257,512,Move,32656015,2
440,257,512,Move,32656019,2
445,263,512,Move,32656023,2
449,269,512,Move,32656031,2
457,276,512,Move,32656039,2
461,281,512,Move,32656047,2
466,289,512,Move,32656055,2
472,295,512,Move,32656063,2
475,299,512,Move,32656071,2
478,304,512,Move,32656079,2
480,308,512,Move,32656087,2
483,311,512,Move,32656095,2
486,315,512,Move,32656103,2
490,319,512,Move,32656111,2
494,324,512,Move,32656119,2
499,329,512,Move,32656127,2
505,332,512,Move,32656135,2
509,337,512,Move,32656143,2
515,339,512,Move,32656151,2
519,341,512,Move,32656159,2
523,342,512,Move,32656167,2
526,344,512,Move,32656175,2
530,346,512,Move,32656183,2
532,347,512,Move,32656191,2
535,348,512,Move,32656199,2
537,349,512,Move,32656207,2
537,350,512,Move,32656215,2
538,351,512,Move,32656223,2
539,351,512,Move,32656231,2
540,351,512,Move,32656239,2
540,352,512,Move,32656247,2
541,352,512,Move,32656255,2
542,352,512,Move,32656263,2
543,354,512,Move,32656271,2
544,356,512,Move,32656287,2
546,358,512,Move,32656295,2
547,360,512,Move,32656303,2
549,362,512,Move,32656311,2
550,364,512,Move,32656319,2
552,367,512,Move,32656327,2
554,371,512,Move,32656335,2
555,374,512,Move,32656343,2
557,378,512,Move,32656351,2
558,382,512,Move,32656359,2
560,386,512,Move,32656367,2
561,389,512,Move,32656375,2
563,394,512,Move,32656383,2
565,398,512,Move,32656391,2
566,402,512,Move,32656399,2
568,404,512,Move,32656407,2
569,408,512,Move,32656415,2
571,410,512,Move,32656423,2
572,413,512,Move,32656431,2
572,415,512,Move,32656439,2
572,417,512,Move,32656447,2
573,419,512,Move,32656455,2
573,420,512,Move,32656463,2
573,421,512,Move,32656471,2
574,422,512,Move,32656479,2
574,423,512,Move,32656487,2
574,423,514,Released,32656583,2
574,423,512,Move,32656585,2
574,424,512,Move,32656703,2
574,425,512,Move,32656711,2
574,424,512,Move,32656839,2
574,423,512,Move,32656847,2
573,422,512,Move,32656855,2
571,418,512,Move,32656863,2
569,415,512,Move,32656871,2
567,411,512,Move,32656879,2
564,406,512,Move,32656887,2
562,402,512,Move,32656895,2
558,396,512,Move,32656903,2
555,392,512,Move,32656911,2
553,388,512,Move,32656919,2
552,384,512,Move,32656927,2
550,380,512,Move,32656935,2
547,374,512,Move,32656943,2
545,370,512,Move,32656951,2
544,366,512,Move,32656959,2
542,362,512,Move,32656967,2
540,358,512,Move,32656975,2
539,354,512,Move,32656983,2
538,351,512,Move,32656991,2
536,347,512,Move,32656999,2
535,345,512,Move,32657007,2
535,342,512,Move,32657015,2
534,340,512,Move,32657023,2
534,339,512,Move,32657031,2
533,338,512,Move,32657039,2
533,337,512,Move,32657047,2
533,337,513,Pressed,32657319,2
533,337,512,Move,32657320,2
533,337,514,Released,32657439,2
533,337,512,Move,32657455,2
532,336,512,Move,32657511,2
531,336,512,Move,32657519,2
529,335,512,Move,32657527,2
525,333,512,Move,32657535,2
519,330,512,Move,32657543,2
512,327,512,Move,32657551,2
504,324,512,Move,32657559,2
495,321,512,Move,32657567,2
486,315,512,Move,32657575,2
477,312,512,Move,32657583,2
468,305,512,Move,32657591,2
462,300,512,Move,32657599,2
453,294,512,Move,32657607,2
445,287,512,Move,32657615,2
439,282,512,Move,32657623,2
430,276,512,Move,32657631,2
424,271,512,Move,32657639,2
421,268,512,Move,32657647,2
416,265,512,Move,32657655,2
411,261,512,Move,32657663,2
407,257,512,Move,32657671,2
403,253,512,Move,32657679,2
399,249,512,Move,32657687,2
396,246,512,Move,32657695,2
393,244,512,Move,32657703,2
391,243,512,Move,32657711,2
389,241,512,Move,32657719,2
387,239,512,Move,32657727,2
385,238,512,Move,32657735,2
384,236,512,Move,32657743,2
383,236,512,Move,32657751,2
382,234,512,Move,32657759,2
381,233,512,Move,32657767,2
380,232,512,Move,32657783,2
379,231,512,Move,32657791,2
378,230,512,Move,32657799,2
377,229,512,Move,32657807,2
375,228,512,Move,32657815,2
374,226,512,Move,32657823,2
373,226,512,Move,32657831,2
370,225,512,Move,32657839,2
370,223,512,Move,32657847,2
368,222,512,Move,32657855,2
367,222,512,Move,32657863,2
366,221,512,Move,32657871,2
365,220,512,Move,32657879,2
364,219,512,Move,32657887,2
363,218,512,Move,32657895,2
361,217,512,Move,32657903,2
360,216,512,Move,32657911,2
359,215,512,Move,32657919,2
359,215,513,Pressed,32658047,2
359,215,512,Move,32658074,2
359,215,514,Released,32658159,2
359,215,512,Move,32658160,2
359,215,515,doubleclick,32658256,2
359,215,512,Move,32658346,2
359,215,514,Released,32658568,2
368,221,512,Move,32658568,2
369,221,512,Move,32658575,2
370,221,512,Move,32658599,2
371,221,512,Move,32658615,2
371,222,512,Move,32658743,2
371,223,512,Move,32658783,2
371,224,512,Move,32658855,2
372,224,512,Move,32658895,2
372,225,512,Move,32658903,2
372,226,512,Move,32658927,2
373,227,512,Move,32658935,2
374,227,512,Move,32658943,2
374,228,512,Move,32658951,2
375,230,512,Move,32658959,2
375,231,512,Move,32658975,2
376,233,512,Move,32658983,2
377,234,512,Move,32658991,2
377,235,512,Move,32658999,2
378,237,512,Move,32659007,2
378,238,512,Move,32659015,2
381,250,512,Move,32659087,2
382,251,512,Move,32659087,2
382,253,512,Move,32659095,2
382,253,512,Move,32659105,2
383,256,512,Move,32659111,2
384,257,512,Move,32659119,2
384,257,512,Move,32659120,2
384,258,512,Move,32659129,2
384,258,512,Move,32659131,2
384,259,512,Move,32659135,2
384,259,512,Move,32659137,2
384,260,512,Move,32659143,2
384,260,512,Move,32659152,2
384,261,512,Move,32659159,2
384,262,512,Move,32659167,2
384,263,512,Move,32659183,2
384,265,512,Move,32659191,2
384,266,512,Move,32659207,2
384,266,512,Move,32659210,2
384,267,512,Move,32659215,2
384,268,512,Move,32659223,2
384,269,512,Move,32659231,2
384,269,512,Move,32659238,2
384,270,512,Move,32659239,2
384,270,512,Move,32659250,2
384,271,512,Move,32659255,2
384,271,512,Move,32659257,2
384,272,512,Move,32659263,2
384,272,512,Move,32659265,2
384,273,512,Move,32659271,2
384,273,512,Move,32659272,2
384,273,512,Move,32659279,2
384,273,512,Move,32659284,2
384,273,512,Move,32659291,2
384,274,512,Move,32659297,2
384,274,512,Move,32659300,2
384,274,512,Move,32659305,2
384,274,512,Move,32659313,2
384,274,512,Move,32659320,2
384,274,512,Move,32659328,2
384,275,512,Move,32659351,2
384,276,512,Move,32659383,2
384,276,512,Move,32659412,2
384,276,512,Move,32659417,2
384,276,512,Move,32659420,2
384,277,512,Move,32659431,2
384,278,512,Move,32659471,2
384,279,512,Move,32659487,2
384,280,512,Move,32659527,2
384,280,512,Move,32659528,2
384,280,512,Move,32659534,2
384,280,512,Move,32659540,2
384,281,512,Move,32659583,2
383,281,512,Move,32659751,2
382,281,512,Move,32659759,2
381,280,512,Move,32659767,2
378,278,512,Move,32659775,2
373,274,512,Move,32659783,2
366,269,512,Move,32659791,2
366,269,512,Move,32659792,2
358,264,512,Move,32659799,2
349,257,512,Move,32659807,2
335,247,512,Move,32659815,2
321,239,512,Move,32659823,2
305,230,512,Move,32659831,2
291,218,512,Move,32659839,2
277,209,512,Move,32659847,2
263,199,512,Move,32659855,2
250,190,512,Move,32659863,2
239,182,512,Move,32659871,2
228,174,512,Move,32659879,2
219,168,512,Move,32659887,2
215,163,512,Move,32659895,2
210,160,512,Move,32659903,2
208,158,512,Move,32659911,2
206,156,512,Move,32659919,2
204,154,512,Move,32659927,2
203,154,512,Move,32659935,2
203,153,512,Move,32659943,2
203,152,512,Move,32659951,2
202,152,512,Move,32659975,2
202,151,512,Move,32659983,2
202,150,512,Move,32660047,2
201,150,512,Move,32660079,2
201,149,512,Move,32660087,2
201,148,512,Move,32660103,2
200,148,512,Move,32660119,2
200,147,512,Move,32660127,2
200,146,512,Move,32660135,2
200,145,512,Move,32660143,2
199,145,512,Move,32660151,2
198,144,512,Move,32660159,2
198,143,512,Move,32660167,2
197,143,512,Move,32660175,2
197,142,512,Move,32660183,2
196,142,512,Move,32660191,2
196,141,512,Move,32660199,2
196,140,512,Move,32660207,2
195,140,512,Move,32660223,2
195,139,512,Move,32660231,2
195,138,512,Move,32660263,2
195,137,512,Move,32660279,2
194,137,512,Move,32660287,2
194,136,512,Move,32660295,2
194,135,512,Move,32660311,2
193,135,512,Move,32660319,2
193,134,512,Move,32660327,2
193,133,512,Move,32660335,2
193,132,512,Move,32660343,2
192,132,512,Move,32660351,2
192,131,512,Move,32660359,2
191,131,512,Move,32660367,2
191,130,512,Move,32660375,2
190,130,512,Move,32660383,2
190,129,512,Move,32660391,2
189,129,512,Move,32660407,2
188,129,512,Move,32660431,2
188,129,512,Move,32660433,2
187,129,512,Move,32660479,2
186,129,512,Move,32660527,2
185,129,512,Move,32660551,2
184,129,512,Move,32660567,2
183,129,512,Move,32660591,2
182,129,512,Move,32660647,2
182,129,513,Pressed,32660831,2
182,129,512,Move,32660832,2
182,129,514,Released,32660951,2
182,129,512,Move,32661017,2
182,130,512,Move,32661039,2
182,131,512,Move,32661047,2
182,132,512,Move,32661063,2
183,133,512,Move,32661071,2
183,134,512,Move,32661079,2
184,136,512,Move,32661087,2
185,138,512,Move,32661095,2
186,141,512,Move,32661103,2
187,142,512,Move,32661111,2
189,144,512,Move,32661119,2
192,148,512,Move,32661127,2
195,151,512,Move,32661135,2
197,155,512,Move,32661143,2
200,158,512,Move,32661151,2
203,161,512,Move,32661159,2
206,165,512,Move,32661167,2
210,170,512,Move,32661175,2
215,173,512,Move,32661183,2
218,177,512,Move,32661191,2
223,183,512,Move,32661199,2
229,187,512,Move,32661207,2
233,191,512,Move,32661215,2
239,195,512,Move,32661223,2
243,198,512,Move,32661231,2
248,201,512,Move,32661239,2
252,206,512,Move,32661247,2
256,209,512,Move,32661255,2
261,211,512,Move,32661263,2
265,215,512,Move,32661271,2
269,218,512,Move,32661279,2
272,221,512,Move,32661287,2
276,223,512,Move,32661295,2
281,226,512,Move,32661303,2
285,229,512,Move,32661311,2
289,233,512,Move,32661319,2
294,237,512,Move,32661327,2
300,241,512,Move,32661335,2
304,244,512,Move,32661343,2
308,247,512,Move,32661351,2
313,250,512,Move,32661359,2
317,254,512,Move,32661367,2
320,256,512,Move,32661375,2
323,259,512,Move,32661383,2
326,262,512,Move,32661391,2
328,266,512,Move,32661399,2
331,271,512,Move,32661407,2
337,276,512,Move,32661415,2
342,280,512,Move,32661423,2
348,286,512,Move,32661431,2
354,290,512,Move,32661439,2
360,294,512,Move,32661447,2
362,296,512,Move,32661455,2
366,299,512,Move,32661463,2
370,304,512,Move,32661471,2
374,307,512,Move,32661479,2
379,312,512,Move,32661487,2
381,314,512,Move,32661495,2
383,317,512,Move,32661503,2
385,320,512,Move,32661511,2
387,323,512,Move,32661519,2
389,325,512,Move,32661527,2
391,327,512,Move,32661535,2
393,330,512,Move,32661543,2
394,332,512,Move,32661551,2
396,334,512,Move,32661559,2
399,337,512,Move,32661567,2
401,338,512,Move,32661575,2
403,339,512,Move,32661583,2
403,340,512,Move,32661591,2
404,340,512,Move,32661599,2
405,340,512,Move,32661607,2
405,341,512,Move,32661615,2
405,342,512,Move,32661631,2
404,341,512,Move,32661639,2
403,341,512,Move,32661647,2
402,340,512,Move,32661655,2
400,338,512,Move,32661663,2
398,337,512,Move,32661671,2
397,337,512,Move,32661879,2
397,338,512,Move,32661895,2
396,338,512,Move,32661903,2
399,337,512,Move,32661911,2
398,337,512,Move,32661919,2
397,336,512,Move,32661927,2
397,335,512,Move,32661943,2
396,335,512,Move,32661951,2
393,332,512,Move,32661967,2
392,331,512,Move,32661983,2
391,331,512,Move,32661999,2
391,330,512,Move,32662015,2
391,331,512,Move,32662159,2
391,332,512,Move,32662183,2
391,333,512,Move,32662231,2
391,334,512,Move,32662255,2
391,335,512,Move,32662263,2
391,337,512,Move,32662279,2
391,338,512,Move,32662287,2
391,339,512,Move,32662303,2
391,340,512,Move,32662311,2
391,341,512,Move,32662327,2
391,343,512,Move,32662335,2
392,343,512,Move,32662343,2
392,344,512,Move,32662351,2
393,344,512,Move,32662367,2
393,345,512,Move,32662375,2
393,346,512,Move,32662383,2
393,347,512,Move,32662399,2
394,347,512,Move,32662407,2
394,348,512,Move,32662423,2
394,349,512,Move,32662439,2
394,350,512,Move,32662487,2
394,351,512,Move,32662519,2
394,352,512,Move,32662527,2
394,353,512,Move,32662543,2
394,354,512,Move,32662575,2
394,355,512,Move,32662583,2
393,356,512,Move,32662607,2
392,356,512,Move,32662615,2
392,355,512,Move,32662623,2
391,355,512,Move,32662631,2
389,355,512,Move,32662639,2
389,354,512,Move,32662903,2
389,353,512,Move,32662927,2
389,352,512,Move,32662935,2
388,351,512,Move,32662943,2
388,350,512,Move,32662951,2
387,349,512,Move,32662959,2
386,348,512,Move,32662967,2
385,345,512,Move,32662983,2
384,344,512,Move,32662991,2
383,343,512,Move,32662999,2
382,341,512,Move,32663007,2
381,339,512,Move,32663015,2
380,336,512,Move,32663023,2
378,332,512,Move,32663031,2
377,328,512,Move,32663039,2
375,324,512,Move,32663047,2
373,320,512,Move,32663055,2
372,317,512,Move,32663063,2
368,312,512,Move,32663071,2
366,306,512,Move,32663079,2
364,300,512,Move,32663087,2
362,293,512,Move,32663095,2
359,287,512,Move,32663103,2
357,282,512,Move,32663111,2
354,277,512,Move,32663119,2
351,272,512,Move,32663127,2
348,267,512,Move,32663135,2
346,262,512,Move,32663143,2
344,258,512,Move,32663151,2
342,253,512,Move,32663159,2
339,249,512,Move,32663167,2
337,245,512,Move,32663175,2
334,241,512,Move,32663183,2
334,237,512,Move,32663191,2
333,234,512,Move,32663199,2
332,232,512,Move,32663207,2
330,229,512,Move,32663215,2
329,226,512,Move,32663223,2
328,223,512,Move,32663231,2
327,221,512,Move,32663239,2
325,218,512,Move,32663247,2
324,215,512,Move,32663255,2
322,212,512,Move,32663263,2
321,209,512,Move,32663271,2
321,208,512,Move,32663279,2
321,206,512,Move,32663287,2
320,205,512,Move,32663295,2
319,203,512,Move,32663311,2
319,202,512,Move,32663319,2
318,202,512,Move,32663327,2
318,201,512,Move,32663335,2
318,200,512,Move,32663359,2
318,199,512,Move,32663415,2
318,198,512,Move,32663431,2
318,197,512,Move,32663551,2
318,197,513,Pressed,32663695,2
318,197,512,Move,32663710,2
318,197,514,Released,32663847,2
318,197,512,Move,32663848,2
318,197,515,doubleclick,32663927,2
318,197,512,Move,32664008,2
318,197,514,Released,32664063,2
320,199,512,Move,32664103,2
323,201,512,Move,32664111,2
327,203,512,Move,32664119,2
329,206,512,Move,32664127,2
334,209,512,Move,32664135,2
338,212,512,Move,32664143,2
346,217,512,Move,32664151,2
352,222,512,Move,32664159,2
358,227,512,Move,32664167,2
365,232,512,Move,32664175,2
371,237,512,Move,32664183,2
379,243,512,Move,32664191,2
386,248,512,Move,32664199,2
394,254,512,Move,32664207,2
402,259,512,Move,32664215,2
409,266,512,Move,32664223,2
415,270,512,Move,32664231,2
421,275,512,Move,32664239,2
426,280,512,Move,32664247,2
429,284,512,Move,32664255,2
433,287,512,Move,32664263,2
435,292,512,Move,32664271,2
437,294,512,Move,32664279,2
440,297,512,Move,32664287,2
441,300,512,Move,32664295,2
443,303,512,Move,32664303,2
445,307,512,Move,32664311,2
446,310,512,Move,32664319,2
448,312,512,Move,32664327,2
449,315,512,Move,32664335,2
450,318,512,Move,32664343,2
451,320,512,Move,32664351,2
452,321,512,Move,32664359,2
453,323,512,Move,32664367,2
453,326,512,Move,32664375,2
454,328,512,Move,32664391,2
454,330,512,Move,32664399,2
454,331,512,Move,32664415,2
454,332,512,Move,32664423,2
454,333,512,Move,32664439,2
454,334,512,Move,32664447,2
454,335,512,Move,32664463,2
454,335,512,Move,32665027,2
454,335,522,Unknown(522),32665087,2
454,335,512,Move,32665090,2
454,335,522,Unknown(522),32665111,2
454,335,522,Unknown(522),32665135,2
454,335,522,Unknown(522),32665151,2
454,335,522,Unknown(522),32665175,2
454,335,522,Unknown(522),32665575,2
454,335,522,Unknown(522),32665607,2
454,335,522,Unknown(522),32665623,2
454,335,522,Unknown(522),32665639,2
454,335,522,Unknown(522),32665655,2
454,335,512,Move,32666108,2
453,335,512,Move,32666607,2
452,335,512,Move,32666615,2
451,335,512,Move,32666623,2
450,335,512,Move,32666639,2
449,335,512,Move,32666655,2
448,335,512,Move,32666695,2
447,335,512,Move,32666703,2
446,335,512,Move,32666735,2
445,335,512,Move,32666767,2
444,335,512,Move,32666783,2
444,336,512,Move,32666791,2
443,336,512,Move,32666799,2
442,336,512,Move,32666807,2
441,337,512,Move,32666815,2
441,338,512,Move,32666823,2
440,338,512,Move,32666839,2
439,338,512,Move,32666847,2
438,340,512,Move,32666855,2
438,340,512,Move,32666856,2
437,341,512,Move,32666863,2
437,342,512,Move,32666871,2
435,344,512,Move,32666879,2
434,346,512,Move,32666887,2
433,347,512,Move,32666895,2
433,348,512,Move,32666903,2
432,349,512,Move,32666911,2
431,351,512,Move,32666919,2
430,353,512,Move,32666927,2
429,355,512,Move,32666935,2
429,356,512,Move,32666943,2
429,357,512,Move,32666951,2
429,358,512,Move,32666959,2
429,359,512,Move,32666967,2
428,359,512,Move,32666975,2
429,359,512,Move,32667311,2
430,359,512,Move,32667319,2
431,359,512,Move,32667343,2
432,359,512,Move,32667351,2
432,360,512,Move,32667359,2
432,361,512,Move,32667383,2
433,362,512,Move,32667391,2
433,362,512,Move,32667861,2
433,362,522,Unknown(522),32667951,2
433,362,512,Move,32667953,2
433,362,522,Unknown(522),32667967,2
433,362,522,Unknown(522),32667991,2
433,362,522,Unknown(522),32668007,2
433,362,522,Unknown(522),32668031,2
433,362,522,Unknown(522),32668071,2
434,362,512,Move,32668263,2
435,362,512,Move,32668271,2
440,362,512,Move,32668279,2
447,362,512,Move,32668287,2
454,362,512,Move,32668295,2
466,362,512,Move,32668303,2
479,362,512,Move,32668311,2
494,362,512,Move,32668319,2
512,362,512,Move,32668327,2
535,362,512,Move,32668335,2
559,362,512,Move,32668343,2
586,362,512,Move,32668351,2
610,362,512,Move,32668359,2
628,362,512,Move,32668367,2
646,362,512,Move,32668375,2
661,362,512,Move,32668383,2
674,362,512,Move,32668391,2
683,363,512,Move,32668399,2
690,365,512,Move,32668407,2
696,366,512,Move,32668415,2
705,370,512,Move,32668423,2
714,374,512,Move,32668431,2
721,378,512,Move,32668439,2
727,380,512,Move,32668447,2
729,381,512,Move,32668455,2
731,382,512,Move,32668463,2
732,382,512,Move,32668471,2
733,382,512,Move,32668607,2
734,381,512,Move,32668615,2
736,379,512,Move,32668623,2
738,376,512,Move,32668631,2
741,373,512,Move,32668639,2
745,369,512,Move,32668647,2
749,365,512,Move,32668655,2
754,360,512,Move,32668663,2
760,354,512,Move,32668671,2
766,349,512,Move,32668679,2
773,343,512,Move,32668687,2
781,339,512,Move,32668695,2
787,334,512,Move,32668703,2
791,331,512,Move,32668711,2
795,328,512,Move,32668719,2
798,326,512,Move,32668727,2
801,325,512,Move,32668735,2
804,324,512,Move,32668743,2
805,323,512,Move,32668751,2
808,322,512,Move,32668759,2
809,322,512,Move,32668767,2
810,321,512,Move,32668775,2
812,320,512,Move,32668783,2
814,320,512,Move,32668791,2
815,320,512,Move,32668799,2
817,319,512,Move,32668807,2
820,319,512,Move,32668815,2
822,319,512,Move,32668823,2
825,318,512,Move,32668831,2
828,318,512,Move,32668839,2
832,317,512,Move,32668847,2
834,317,512,Move,32668855,2
837,316,512,Move,32668863,2
840,316,512,Move,32668871,2
841,315,512,Move,32668879,2
842,315,160,Move,32668887,2
843,315,160,Move,32668911,2
844,315,160,Move,32668951,2
845,315,160,Move,32668967,2
846,315,160,Move,32668975,2
848,315,160,Move,32668991,2
849,315,160,Move,32668999,2
850,315,160,Move,32669015,2
851,315,160,Move,32669023,2
851,315,161,Pressed,32669199,2
851,316,512,Move,32669247,2
851,317,512,Move,32669255,2
851,323,512,Move,32669280,2
851,326,512,Move,32669287,2
851,335,512,Move,32669310,2
851,340,512,Move,32669312,2
851,347,512,Move,32669319,2
851,352,512,Move,32669332,2
851,357,512,Move,32669335,2
851,364,512,Move,32669343,2
851,371,512,Move,32669352,2
851,377,512,Move,32669359,2
852,383,512,Move,32669368,2
853,388,512,Move,32669375,2
853,393,512,Move,32669383,2
854,399,512,Move,32669398,2
855,404,512,Move,32669401,2
856,410,512,Move,32669407,2
856,417,512,Move,32669420,2
856,422,512,Move,32669423,2
856,427,512,Move,32669432,2
856,434,512,Move,32669439,2
856,439,512,Move,32669447,2
856,446,512,Move,32669458,2
856,451,512,Move,32669463,2
856,458,512,Move,32669472,2
856,461,512,Move,32669479,2
856,466,512,Move,32669493,2
856,470,512,Move,32669495,2
856,474,512,Move,32669503,2
856,479,512,Move,32669511,2
856,489,512,Move,32669535,2
854,496,512,Move,32669537,2
853,505,512,Move,32669543,2
853,513,512,Move,32669555,2
853,521,512,Move,32669559,2
855,542,512,Move,32669586,2
856,549,512,Move,32669591,2
858,553,512,Move,32669605,2
859,557,512,Move,32669608,2
861,561,512,Move,32669615,2
862,564,512,Move,32669627,2
863,566,512,Move,32669631,2
864,568,512,Move,32669643,2
864,569,512,Move,32669655,2
864,570,512,Move,32669767,2
864,571,512,Move,32669791,2
864,572,512,Move,32669799,2
864,573,512,Move,32669823,2
864,574,512,Move,32669839,2
865,575,512,Move,32669855,2
866,575,512,Move,32669876,2
866,576,512,Move,32669879,2
866,577,512,Move,32669887,2
867,577,512,Move,32669895,2
868,578,512,Move,32669903,2
868,579,512,Move,32669911,2
869,579,512,Move,32669927,2
869,580,512,Move,32669935,2
869,581,512,Move,32669975,2
869,582,512,Move,32670215,2
869,583,512,Move,32670247,2
869,584,512,Move,32670319,2
869,585,512,Move,32670391,2
869,586,512,Move,32670447,2
869,587,512,Move,32670513,2
869,588,512,Move,32670519,2
869,589,512,Move,32670559,2
869,590,512,Move,32670575,2
869,591,512,Move,32670623,2
870,591,512,Move,32670639,2
870,592,512,Move,32670663,2
870,593,512,Move,32670735,2
870,594,512,Move,32670799,2
870,595,512,Move,32670855,2
871,595,512,Move,32670887,2
871,596,512,Move,32670911,2
871,597,512,Move,32670967,2
872,597,512,Move,32671199,2
872,596,512,Move,32671207,2
872,595,512,Move,32671215,2
872,594,512,Move,32671231,2
872,593,512,Move,32671255,2
872,592,512,Move,32671263,2
872,591,512,Move,32671303,2
872,590,512,Move,32671551,2
872,589,512,Move,32671567,2
873,587,512,Move,32671583,2
873,586,512,Move,32671591,2
873,583,512,Move,32671599,2
873,579,512,Move,32671607,2
874,575,512,Move,32671615,2
874,571,512,Move,32671623,2
874,568,512,Move,32671631,2
877,562,512,Move,32671639,2
878,555,512,Move,32671647,2
879,548,512,Move,32671655,2
880,538,512,Move,32671663,2
882,528,512,Move,32671671,2
882,516,512,Move,32671679,2
882,503,512,Move,32671687,2
882,489,512,Move,32671695,2
882,476,512,Move,32671703,2
882,464,512,Move,32671711,2
882,453,512,Move,32671719,2
882,441,512,Move,32671727,2
882,429,512,Move,32671735,2
882,416,512,Move,32671743,2
882,404,512,Move,32671751,2
882,393,512,Move,32671759,2
882,384,512,Move,32671767,2
882,376,512,Move,32671775,2
882,368,512,Move,32671783,2
882,358,512,Move,32671791,2
882,349,512,Move,32671799,2
882,341,512,Move,32671807,2
882,332,512,Move,32671815,2
882,326,512,Move,32671823,2
882,319,512,Move,32671831,2
882,312,512,Move,32671839,2
882,304,512,Move,32671847,2
882,294,512,Move,32671855,2
882,284,512,Move,32671863,2
882,275,512,Move,32671871,2
882,265,512,Move,32671879,2
882,255,512,Move,32671887,2
882,247,512,Move,32671895,2
882,238,512,Move,32671903,2
880,230,512,Move,32671911,2
878,221,512,Move,32671919,2
877,214,512,Move,32671927,2
875,205,512,Move,32671935,2
874,198,512,Move,32671943,2
873,191,512,Move,32671951,2
872,186,512,Move,32671959,2
871,180,512,Move,32671967,2
870,176,512,Move,32671975,2
870,173,512,Move,32671983,2
869,170,512,Move,32671991,2
869,166,512,Move,32671999,2
868,164,512,Move,32672007,2
867,162,512,Move,32672015,2
866,160,512,Move,32672023,2
866,159,512,Move,32672031,2
865,159,512,Move,32672039,2
864,158,512,Move,32672047,2
864,157,512,Move,32672055,2
863,157,512,Move,32672079,2
863,156,512,Move,32672087,2
862,155,512,Move,32672103,2
862,154,512,Move,32672119,2
861,154,512,Move,32672159,2
860,155,512,Move,32675447,2
860,156,512,Move,32675455,2
860,158,512,Move,32675471,2
860,159,512,Move,32675479,2
860,160,512,Move,32675487,2
860,162,512,Move,32675495,2
860,163,512,Move,32675503,2
860,166,512,Move,32675511,2
860,168,512,Move,32675519,2
860,169,512,Move,32675527,2
860,171,512,Move,32675535,2
860,172,512,Move,32675543,2
860,173,512,Move,32675551,2
860,174,512,Move,32675559,2
860,175,512,Move,32675567,2
860,176,512,Move,32675575,2
860,177,512,Move,32675583,2
860,178,512,Move,32675607,2
860,179,512,Move,32675615,2
860,180,512,Move,32675623,2
860,181,512,Move,32675639,2
860,182,512,Move,32675655,2
860,183,512,Move,32675687,2
860,184,512,Move,32675719,2
860,185,512,Move,32676015,2
860,186,512,Move,32676023,2
860,188,512,Move,32676031,2
860,190,512,Move,32676039,2
860,191,512,Move,32676047,2
860,192,512,Move,32676055,2
860,194,512,Move,32676063,2
860,196,512,Move,32676071,2
860,197,512,Move,32676079,2
860,198,512,Move,32676087,2
860,200,512,Move,32676095,2
860,201,512,Move,32676103,2
860,202,512,Move,32676119,2
860,203,512,Move,32676127,2
860,204,512,Move,32676143,2
860,205,512,Move,32676167,2
860,206,512,Move,32676175,2
859,206,512,Move,32676183,2
859,207,512,Move,32676191,2
859,208,512,Move,32676199,2
859,209,512,Move,32676215,2
859,210,512,Move,32676239,2
859,211,512,Move,32676247,2
858,211,512,Move,32676255,2
858,212,512,Move,32676271,2
858,213,512,Move,32676279,2
857,213,512,Move,32676287,2
856,214,512,Move,32676431,2
856,215,512,Move,32676447,2
856,216,512,Move,32676471,2
856,217,512,Move,32676487,2
856,218,512,Move,32676503,2
856,219,512,Move,32676511,2
856,220,512,Move,32676527,2
856,221,512,Move,32676567,2
856,222,512,Move,32676591,2
856,223,512,Move,32676631,2
856,222,512,Move,32684223,2
857,222,512,Move,32684231,2
857,223,512,Move,32684239,2
857,225,512,Move,32684247,2
857,226,512,Move,32684263,2
857,227,512,Move,32684271,2
857,228,512,Move,32684287,2
857,229,512,Move,32684295,2
857,230,512,Move,32684303,2
857,231,512,Move,32684319,2
857,232,512,Move,32684335,2
857,233,512,Move,32684375,2
857,234,512,Move,32684383,2
857,235,512,Move,32684391,2
857,236,512,Move,32684423,2
857,237,512,Move,32684439,2
857,238,512,Move,32684471,2
857,239,512,Move,32684535,2
857,240,512,Move,32686287,2
857,241,512,Move,32686295,2
857,242,512,Move,32686303,2
857,243,512,Move,32686319,2
857,244,512,Move,32686351,2
857,245,512,Move,32686359,2
857,246,512,Move,32686383,2
857,247,512,Move,32686391,2
857,248,512,Move,32686415,2
857,249,512,Move,32686431,2
857,250,512,Move,32686447,2
857,251,512,Move,32686479,2
857,252,512,Move,32686503,2
857,253,512,Move,32686543,2
857,254,512,Move,32686607,2
857,254,514,Released,32688647,2
857,254,160,Move,32688648,2
854,255,160,Move,32688759,2
851,256,160,Move,32688767,2
850,256,160,Move,32688775,2
848,257,160,Move,32688783,2
846,258,160,Move,32688791,2
842,259,160,Move,32688799,2
837,261,512,Move,32688807,2
830,264,512,Move,32688815,2
819,265,512,Move,32688823,2
807,266,512,Move,32688831,2
797,269,512,Move,32688839,2
782,270,512,Move,32688847,2
765,273,512,Move,32688855,2
749,276,512,Move,32688863,2
732,277,512,Move,32688871,2
714,279,512,Move,32688879,2
693,280,512,Move,32688887,2
672,280,512,Move,32688895,2
652,280,512,Move,32688903,2
631,280,512,Move,32688911,2
610,280,512,Move,32688919,2
586,280,512,Move,32688927,2
568,280,512,Move,32688935,2
552,280,512,Move,32688943,2
535,280,512,Move,32688951,2
520,280,512,Move,32688959,2
507,280,512,Move,32688967,2
494,280,512,Move,32688975,2
482,280,512,Move,32688983,2
472,280,512,Move,32688991,2
462,280,512,Move,32688999,2
452,280,512,Move,32689007,2
442,280,512,Move,32689015,2
433,281,512,Move,32689023,2
425,282,512,Move,32689031,2
419,283,512,Move,32689039,2
414,284,512,Move,32689047,2
411,284,512,Move,32689055,2
407,284,512,Move,32689063,2
406,284,512,Move,32689455,2
406,285,512,Move,32689463,2
405,285,512,Move,32689471,2
404,285,512,Move,32689479,2
401,283,512,Move,32689487,2
400,283,512,Move,32689495,2
399,283,512,Move,32689503,2
398,284,512,Move,32689519,2
397,285,512,Move,32689527,2
396,285,512,Move,32689535,2
396,285,512,Move,32689815,2
395,285,512,Move,32689855,2
394,285,512,Move,32692223,2
393,285,512,Move,32692239,2
392,285,512,Move,32692247,2
391,285,512,Move,32692255,2
387,285,512,Move,32692263,2
384,285,512,Move,32692271,2
380,285,512,Move,32692279,2
375,285,512,Move,32692287,2
370,285,512,Move,32692295,2
364,285,512,Move,32692303,2
358,285,512,Move,32692311,2
350,285,512,Move,32692319,2
345,285,512,Move,32692327,2
338,283,512,Move,32692335,2
331,283,512,Move,32692343,2
327,282,512,Move,32692351,2
322,280,512,Move,32692359,2
318,279,512,Move,32692367,2
315,279,512,Move,32692375,2
314,279,512,Move,32692383,2
312,278,512,Move,32692391,2
310,278,512,Move,32692399,2
306,278,512,Move,32692407,2
304,277,512,Move,32692415,2
300,277,512,Move,32692423,2
297,276,512,Move,32692431,2
295,276,512,Move,32692439,2
293,275,512,Move,32692447,2
290,275,512,Move,32692455,2
287,274,512,Move,32692463,2
286,274,512,Move,32692471,2
284,273,512,Move,32692479,2
283,273,512,Move,32692487,2
281,273,512,Move,32692495,2
279,272,512,Move,32692503,2
278,272,512,Move,32692519,2
276,272,512,Move,32692527,2
276,271,512,Move,32692543,2
276,271,512,Move,32692544,2
275,271,512,Move,32692551,2
274,271,512,Move,32692559,2
273,271,512,Move,32692567,2
272,270,512,Move,32692583,2
271,270,512,Move,32692591,2
270,270,512,Move,32692607,2
270,269,512,Move,32692615,2
269,269,512,Move,32692623,2
268,269,512,Move,32692631,2
268,268,512,Move,32692639,2
267,268,512,Move,32692647,2
266,268,512,Move,32692655,2
265,267,512,Move,32692663,2
264,266,512,Move,32692671,2
262,266,512,Move,32692679,2
261,265,512,Move,32692687,2
260,265,512,Move,32692695,2
259,264,512,Move,32692703,2
258,264,512,Move,32692719,2
258,263,512,Move,32692727,2
257,263,512,Move,32692735,2
256,263,512,Move,32692743,2
256,262,512,Move,32692751,2
255,262,512,Move,32692759,2
254,262,512,Move,32692775,2
254,261,512,Move,32692783,2
253,261,512,Move,32692791,2
251,261,512,Move,32692799,2
251,260,512,Move,32692807,2
250,259,512,Move,32692815,2
248,259,512,Move,32692823,2
248,258,512,Move,32692831,2
246,258,512,Move,32692839,2
245,257,512,Move,32692847,2
245,259,512,Move,32692919,2
245,261,512,Move,32692927,2
247,264,512,Move,32692935,2
249,268,512,Move,32692943,2
251,272,512,Move,32692951,2
255,278,512,Move,32692959,2
259,286,512,Move,32692967,2
261,291,512,Move,32692975,2
264,299,512,Move,32692983,2
269,311,512,Move,32692991,2
272,320,512,Move,32692999,2
276,332,512,Move,32693007,2
280,344,512,Move,32693015,2
284,356,512,Move,32693023,2
287,369,512,Move,32693031,2
290,383,512,Move,32693039,2
293,398,512,Move,32693047,2
294,413,512,Move,32693055,2
297,427,512,Move,32693063,2
299,443,512,Move,32693071,2
302,460,512,Move,32693079,2
305,474,512,Move,32693087,2
308,487,512,Move,32693095,2
308,501,512,Move,32693103,2
308,516,512,Move,32693111,2
308,529,512,Move,32693119,2
308,544,512,Move,32693127,2
309,557,512,Move,32693135,2
310,567,512,Move,32693143,2
314,576,512,Move,32693151,2
316,583,512,Move,32693159,2
321,589,512,Move,32693167,2
324,592,512,Move,32693175,2
326,593,512,Move,32693183,2
326,594,512,Move,32693191,2
327,594,512,Move,32693199,2
327,593,512,Move,32693223,2
327,592,512,Move,32693231,2
327,591,512,Move,32693239,2
327,589,512,Move,32693247,2
327,587,512,Move,32693255,2
328,586,512,Move,32693263,2
329,584,512,Move,32693271,2
331,581,512,Move,32693279,2
333,578,512,Move,32693287,2
334,577,512,Move,32693295,2
335,574,512,Move,32693303,2
335,572,512,Move,32693311,2
335,571,512,Move,32693319,2
335,570,512,Move,32693335,2
335,569,512,Move,32693343,2
335,568,512,Move,32693359,2
335,567,512,Move,32693375,2
335,566,512,Move,32693399,2
335,565,512,Move,32693415,2
335,564,512,Move,32693431,2
335,563,512,Move,32693447,2
335,562,512,Move,32693455,2
335,561,512,Move,32693463,2
335,560,512,Move,32693479,2
335,559,512,Move,32693487,2
335,558,512,Move,32693495,2
335,556,512,Move,32693503,2
335,555,512,Move,32693511,2
335,554,512,Move,32693543,2
335,553,512,Move,32693599,2
335,552,512,Move,32693623,2
335,552,512,Move,32694022,2
335,552,513,Pressed,32695295,2
335,552,512,Move,32695309,2
335,552,514,Released,32695463,2
335,552,512,Move,32695464,2
335,552,515,doubleclick,32695607,2
335,552,512,Move,32695701,2
335,552,514,Released,32695759,2
335,551,512,Move,32695903,2
335,547,512,Move,32695911,2
337,542,512,Move,32695919,2
339,536,512,Move,32695927,2
340,529,512,Move,32695935,2
340,517,512,Move,32695943,2
340,504,512,Move,32695951,2
340,489,512,Move,32695959,2
338,476,512,Move,32695967,2
335,461,512,Move,32695975,2
333,442,512,Move,32695983,2
283,294,512,Move,32696140,2
282,294,512,Move,32696359,2
282,293,512,Move,32696367,2
281,291,512,Move,32696375,2
279,291,512,Move,32696383,2
278,290,512,Move,32696391,2
277,287,512,Move,32696399,2
274,283,512,Move,32696407,2
269,279,512,Move,32696415,2
263,271,512,Move,32696423,2
257,260,512,Move,32696431,2
251,251,512,Move,32696439,2
243,240,512,Move,32696447,2
236,231,512,Move,32696455,2
230,222,512,Move,32696463,2
223,213,512,Move,32696471,2
216,204,512,Move,32696479,2
210,196,512,Move,32696487,2
205,188,512,Move,32696495,2
199,182,512,Move,32696503,2
195,176,512,Move,32696511,2
192,172,512,Move,32696519,2
189,168,512,Move,32696527,2
188,164,512,Move,32696535,2
187,161,512,Move,32696543,2
186,158,512,Move,32696551,2
185,157,512,Move,32696559,2
185,156,512,Move,32696567,2
184,154,512,Move,32696575,2
184,153,512,Move,32696591,2
184,152,512,Move,32696599,2
184,151,512,Move,32696647,2
185,151,512,Move,32696695,2
185,150,512,Move,32696703,2
185,149,512,Move,32696727,2
185,148,512,Move,32696735,2
185,147,512,Move,32696743,2
185,146,512,Move,32696759,2
185,145,512,Move,32696767,2
185,143,512,Move,32696783,2
184,142,512,Move,32696791,2
183,142,512,Move,32696799,2
182,141,512,Move,32696807,2
182,139,512,Move,32696815,2
181,139,512,Move,32696823,2
181,138,512,Move,32696831,2
180,137,512,Move,32696839,2
179,137,512,Move,32696847,2
179,136,512,Move,32696863,2
178,136,512,Move,32696871,2
178,136,513,Pressed,32696927,2
178,136,514,Released,32697007,2
176,136,512,Move,32697096,2
176,135,512,Move,32697200,2
176,135,515,doubleclick,32697367,2
176,135,514,Released,32697471,2
176,135,512,Move,32697539,2
176,138,512,Move,32697903,2
177,140,512,Move,32697911,2
180,145,512,Move,32697919,2
185,151,512,Move,32697927,2
190,155,512,Move,32697935,2
194,161,512,Move,32697943,2
201,167,512,Move,32697951,2
207,173,512,Move,32697959,2
214,178,512,Move,32697967,2
220,184,512,Move,32697975,2
229,190,512,Move,32697983,2
237,196,512,Move,32697991,2
245,202,512,Move,32697999,2
252,207,512,Move,32698007,2
261,213,512,Move,32698015,2
269,216,512,Move,32698023,2
276,221,512,Move,32698031,2
283,224,512,Move,32698039,2
291,227,512,Move,32698047,2
298,231,512,Move,32698055,2
305,234,512,Move,32698063,2
311,236,512,Move,32698071,2
315,237,512,Move,32698079,2
319,239,512,Move,32698087,2
323,240,512,Move,32698095,2
326,240,512,Move,32698103,2
327,240,512,Move,32698111,2
329,240,512,Move,32698119,2
330,240,512,Move,32698127,2
332,240,512,Move,32698135,2
334,240,512,Move,32698143,2
335,240,512,Move,32698151,2
337,240,512,Move,32698159,2
338,239,512,Move,32698167,2
340,238,512,Move,32698175,2
342,237,512,Move,32698183,2
344,236,512,Move,32698191,2
346,235,512,Move,32698207,2
347,234,512,Move,32698215,2
347,233,512,Move,32698223,2
348,233,512,Move,32698231,2
348,232,512,Move,32698239,2
348,231,512,Move,32698247,2
348,230,512,Move,32698255,2
348,229,512,Move,32698271,2
348,228,512,Move,32698279,2
348,227,512,Move,32698295,2
348,226,512,Move,32698303,2
348,225,512,Move,32698311,2
347,225,512,Move,32698319,2
347,224,512,Move,32698327,2
347,223,512,Move,32698335,2
346,223,512,Move,32698343,2
346,222,512,Move,32698351,2
346,221,512,Move,32698367,2
346,220,512,Move,32698383,2
346,219,512,Move,32698423,2
346,218,512,Move,32698447,2
346,217,512,Move,32698471,2
346,216,512,Move,32698487,2
346,215,512,Move,32698495,2
346,214,512,Move,32698527,2
346,213,512,Move,32698543,2
346,213,512,Move,32699045,2
346,213,513,Pressed,32699303,2
346,213,512,Move,32699318,2
346,213,514,Released,32699399,2
346,213,512,Move,32699400,2
346,213,515,doubleclick,32699543,2
346,213,512,Move,32699626,2
346,213,514,Released,32699679,2
346,213,512,Move,32699768,2
346,213,512,Move,32699773,2
346,213,512,Move,32699781,2
346,213,512,Move,32699787,2
346,214,512,Move,32699793,2
346,214,512,Move,32699794,2
347,214,512,Move,32699799,2
347,214,512,Move,32699801,2
348,214,512,Move,32699808,2
348,214,512,Move,32699810,2
348,214,512,Move,32699815,2
348,216,512,Move,32699815,2
349,216,512,Move,32699823,2
349,216,512,Move,32699830,2
350,217,512,Move,32699831,2
350,217,512,Move,32699837,2
351,217,512,Move,32699839,2
351,217,512,Move,32699844,2
351,217,512,Move,32699851,2
352,218,512,Move,32699855,2
352,218,512,Move,32699857,2
352,218,512,Move,32699862,2
353,219,512,Move,32699863,2
353,219,512,Move,32699870,2
353,219,512,Move,32699877,2
354,219,512,Move,32699881,2
354,219,512,Move,32699884,2
355,220,512,Move,32699888,2
355,220,512,Move,32699890,2
356,220,512,Move,32699895,2
356,220,512,Move,32699905,2
357,220,512,Move,32699935,2
358,220,512,Move,32699983,2
358,220,512,Move,32699994,2
359,220,512,Move,32699999,2
359,220,512,Move,32700084,2
359,221,512,Move,32700087,2
359,221,512,Move,32700092,2
359,222,512,Move,32700095,2
359,222,512,Move,32700099,2
359,223,512,Move,32700311,2
359,224,512,Move,32700335,2
359,225,512,Move,32700407,2
359,226,512,Move,32700415,2
359,227,512,Move,32700447,2
359,228,512,Move,32700455,2
359,229,512,Move,32700463,2
359,231,512,Move,32700479,2
359,232,512,Move,32700487,2
359,233,512,Move,32700495,2
359,235,512,Move,32700503,2
359,236,512,Move,32700511,2
359,238,512,Move,32700519,2
359,239,512,Move,32700527,2
359,241,512,Move,32700535,2
359,243,512,Move,32700543,2
359,244,512,Move,32700551,2
359,246,512,Move,32700559,2
359,249,512,Move,32700567,2
359,250,512,Move,32700575,2
359,252,512,Move,32700583,2
359,253,512,Move,32700591,2
359,254,512,Move,32700599,2
359,255,512,Move,32700607,2
359,256,512,Move,32700615,2
359,256,512,Move,32700633,2
359,256,512,Move,32700637,2
359,257,512,Move,32700655,2
358,257,512,Move,32701063,2
357,256,512,Move,32701071,2
356,255,512,Move,32701079,2
354,254,512,Move,32701087,2
354,254,512,Move,32701088,2
349,252,512,Move,32701095,2
341,248,512,Move,32701103,2
332,245,512,Move,32701111,2
323,241,512,Move,32701119,2
314,236,512,Move,32701127,2
304,230,512,Move,32701135,2
295,226,512,Move,32701143,2
286,223,512,Move,32701151,2
277,217,512,Move,32701159,2
268,212,512,Move,32701167,2
262,207,512,Move,32701175,2
253,202,512,Move,32701183,2
246,196,512,Move,32701191,2
228,175,512,Move,32701280,2
227,174,512,Move,32701287,2
226,172,512,Move,32701295,2
225,171,512,Move,32701303,2
225,170,512,Move,32701311,2
224,169,512,Move,32701319,2
223,168,512,Move,32701327,2
223,167,512,Move,32701335,2
222,166,512,Move,32701343,2
221,165,512,Move,32701351,2
220,164,512,Move,32701359,2
219,162,512,Move,32701367,2
219,160,512,Move,32701375,2
216,157,512,Move,32701383,2
215,155,512,Move,32701391,2
212,153,512,Move,32701399,2
210,151,512,Move,32701408,2
208,149,512,Move,32701415,2
206,147,512,Move,32701423,2
205,147,512,Move,32701431,2
203,145,512,Move,32701439,2
202,144,512,Move,32701447,2
200,142,512,Move,32701455,2
199,142,512,Move,32701463,2
198,140,512,Move,32701471,2
198,139,512,Move,32701479,2
197,139,512,Move,32701487,2
196,137,512,Move,32701495,2
196,136,512,Move,32701503,2
195,136,512,Move,32701511,2
195,135,512,Move,32701519,2
195,134,512,Move,32701527,2
194,134,512,Move,32701535,2
194,133,512,Move,32701543,2
194,132,512,Move,32701551,2
193,132,512,Move,32701559,2
193,131,512,Move,32701567,2
193,130,512,Move,32701583,2
193,129,512,Move,32701599,2
193,129,512,Move,32701664,2
192,129,512,Move,32701759,2
191,129,512,Move,32701767,2
190,129,512,Move,32701791,2
189,130,512,Move,32701807,2
188,130,512,Move,32701815,2
187,131,512,Move,32701831,2
186,132,512,Move,32701839,2
186,132,513,Pressed,32701927,2
186,132,512,Move,32701928,2
186,132,514,Released,32701999,2
186,132,512,Move,32702054,2
186,133,512,Move,32702055,2
187,135,512,Move,32702079,2
188,137,512,Move,32702087,2
190,138,512,Move,32702095,2
192,140,512,Move,32702103,2
193,142,512,Move,32702111,2
196,145,512,Move,32702119,2
202,150,512,Move,32702127,2
208,154,512,Move,32702135,2
216,161,512,Move,32702143,2
223,166,512,Move,32702152,2
231,172,512,Move,32702159,2
240,179,512,Move,32702167,2
251,185,512,Move,32702175,2
259,192,512,Move,32702183,2
265,197,512,Move,32702191,2
271,201,512,Move,32702199,2
276,205,512,Move,32702207,2
281,209,512,Move,32702215,2
287,213,512,Move,32702223,2
291,216,512,Move,32702231,2
295,218,512,Move,32702239,2
298,221,512,Move,32702247,2
304,223,512,Move,32702255,2
310,227,512,Move,32702263,2
315,229,512,Move,32702271,2
321,230,512,Move,32702279,2
325,232,512,Move,32702287,2
331,235,512,Move,32702295,2
335,237,512,Move,32702303,2
337,238,512,Move,32702311,2
340,239,512,Move,32702319,2
343,240,512,Move,32702327,2
345,241,512,Move,32702335,2
346,243,512,Move,32702343,2
348,244,512,Move,32702351,2
349,245,512,Move,32702359,2
350,245,512,Move,32702367,2
351,246,512,Move,32702375,2
351,247,512,Move,32702383,2
352,247,512,Move,32702391,2
352,248,512,Move,32702407,2
352,248,513,Pressed,32702607,2
352,248,512,Move,32702623,2
352,248,514,Released,32702695,2
352,248,512,Move,32702695,2
352,247,512,Move,32702743,2
352,246,512,Move,32702751,2
352,245,512,Move,32702759,2
351,243,512,Move,32702767,2
350,240,512,Move,32702775,2
349,239,512,Move,32702783,2
348,239,512,Move,32702791,2
348,238,512,Move,32702799,2
348,237,512,Move,32702807,2
347,236,512,Move,32702815,2
347,235,512,Move,32702823,2
346,234,512,Move,32702831,2
346,233,512,Move,32702847,2
345,233,512,Move,32702863,2
345,232,512,Move,32702871,2
345,232,513,Pressed,32702983,2
345,232,512,Move,32703002,2
345,232,514,Released,32703127,2
345,232,512,Move,32703127,2
345,232,515,doubleclick,32703207,2
345,232,512,Move,32703279,2
345,232,514,Released,32703343,2
345,233,512,Move,32703535,2
345,234,512,Move,32703559,2
344,234,512,Move,32703743,2
343,234,512,Move,32703759,2
342,234,512,Move,32703775,2
341,234,512,Move,32703799,2
340,234,512,Move,32703815,2
339,233,512,Move,32703831,2
337,233,512,Move,32703839,2
337,232,512,Move,32703847,2
335,231,512,Move,32703855,2
333,231,512,Move,32703863,2
333,230,512,Move,32703871,2
331,229,512,Move,32703879,2
329,228,512,Move,32703887,2
328,227,512,Move,32703895,2
326,227,512,Move,32703903,2
325,226,512,Move,32703911,2
325,225,512,Move,32703927,2
324,225,512,Move,32703935,2
323,224,512,Move,32703943,2
322,223,512,Move,32703951,2
322,222,512,Move,32703967,2
321,222,512,Move,32704055,2
321,221,512,Move,32704071,2
320,221,512,Move,32704079,2
320,220,512,Move,32704087,2
320,219,512,Move,32704103,2
319,218,512,Move,32704119,2
318,217,512,Move,32704135,2
318,216,512,Move,32704151,2
318,215,512,Move,32704175,2
317,215,512,Move,32704207,2
317,214,512,Move,32704223,2
317,214,512,Move,32704288,2
317,214,513,Pressed,32704343,2
317,214,512,Move,32704358,2
317,214,514,Released,32704479,2
317,214,512,Move,32704480,2
317,214,516,Pressed,32704791,2
317,214,512,Move,32704792,2
317,214,517,Released,32704895,2
317,214,512,Move,32704927,2
317,214,512,Move,32704928,2
317,214,516,Pressed,32704929,2
317,214,516,Pressed,32704929,2
317,214,516,Pressed,32704930,2
317,214,517,Released,32704959,2
317,214,517,Released,32704959,2
317,217,512,Move,32705295,2
317,217,512,Move,32705295,2
317,218,512,Move,32705303,2
317,218,512,Move,32705303,2
317,222,512,Move,32705311,2
317,222,512,Move,32705311,2
320,228,512,Move,32705319,2
320,228,512,Move,32705319,2
322,233,512,Move,32705327,2
322,233,512,Move,32705327,2
324,237,512,Move,32705335,2
324,237,512,Move,32705335,2
326,245,512,Move,32705343,2
326,245,512,Move,32705343,2
329,250,512,Move,32705351,2
329,250,512,Move,32705351,2
331,259,512,Move,32705359,2
331,259,512,Move,32705359,2
332,268,512,Move,32705367,2
332,268,512,Move,32705367,2
334,276,512,Move,32705375,2
334,276,512,Move,32705375,2
336,288,512,Move,32705383,2
336,288,512,Move,32705383,2
339,300,512,Move,32705391,2
339,300,512,Move,32705391,2
343,314,512,Move,32705399,2
343,314,512,Move,32705399,2
347,324,512,Move,32705407,2
347,324,512,Move,32705407,2
350,336,512,Move,32705415,2
350,336,512,Move,32705415,2
352,347,512,Move,32705423,2
352,347,512,Move,32705423,2
356,354,512,Move,32705432,2
356,354,512,Move,32705432,2
358,361,512,Move,32705439,2
358,361,512,Move,32705439,2
359,368,512,Move,32705447,2
359,368,512,Move,32705447,2
361,374,512,Move,32705455,2
361,374,512,Move,32705455,2
362,378,512,Move,32705463,2
362,378,512,Move,32705463,2
362,383,512,Move,32705471,2
362,383,512,Move,32705471,2
362,385,512,Move,32705479,2
362,385,512,Move,32705479,2
363,388,512,Move,32705487,2
363,388,512,Move,32705487,2
363,392,512,Move,32705495,2
363,392,512,Move,32705495,2
363,394,512,Move,32705503,2
363,394,512,Move,32705503,2
363,396,512,Move,32705511,2
363,396,512,Move,32705511,2
363,399,512,Move,32705519,2
363,399,512,Move,32705519,2
363,401,512,Move,32705527,2
363,401,512,Move,32705527,2
363,402,512,Move,32705535,2
363,402,512,Move,32705535,2
363,404,512,Move,32705543,2
363,404,512,Move,32705543,2
363,405,512,Move,32705551,2
363,405,512,Move,32705551,2
363,408,512,Move,32705559,2
363,408,512,Move,32705559,2
363,411,512,Move,32705567,2
363,411,512,Move,32705568,2
363,413,512,Move,32705575,2
363,413,512,Move,32705575,2
363,417,512,Move,32705583,2
363,417,512,Move,32705583,2
363,420,512,Move,32705591,2
363,420,512,Move,32705591,2
363,422,512,Move,32705599,2
363,422,512,Move,32705599,2
363,425,512,Move,32705607,2
363,425,512,Move,32705607,2
363,428,512,Move,32705615,2
363,428,512,Move,32705615,2
363,431,512,Move,32705623,2
363,431,512,Move,32705623,2
363,434,512,Move,32705631,2
363,434,512,Move,32705631,2
363,438,512,Move,32705639,2
363,438,512,Move,32705639,2
363,441,512,Move,32705647,2
363,441,512,Move,32705647,2
363,444,512,Move,32705655,2
363,444,512,Move,32705655,2
363,447,512,Move,32705663,2
363,447,512,Move,32705663,2
363,450,512,Move,32705671,2
363,450,512,Move,32705671,2
363,452,512,Move,32705679,2
363,452,512,Move,32705679,2
364,456,512,Move,32705687,2
364,456,512,Move,32705687,2
364,460,512,Move,32705695,2
364,460,512,Move,32705695,2
364,464,512,Move,32705703,2
364,464,512,Move,32705703,2
365,468,512,Move,32705711,2
365,468,512,Move,32705711,2
365,473,512,Move,32705719,2
365,473,512,Move,32705719,2
365,476,512,Move,32705727,2
365,476,512,Move,32705727,2
366,478,512,Move,32705735,2
366,478,512,Move,32705735,2
366,482,512,Move,32705743,2
366,482,512,Move,32705743,2
366,484,512,Move,32705751,2
366,484,512,Move,32705751,2
366,485,512,Move,32705759,2
366,485,512,Move,32705759,2
366,487,512,Move,32705767,2
366,487,512,Move,32705767,2
366,488,512,Move,32705775,2
366,488,512,Move,32705775,2
366,487,512,Move,32706023,2
366,487,512,Move,32706023,2
366,486,512,Move,32706031,2
366,486,512,Move,32706031,2
366,485,512,Move,32706039,2
366,485,512,Move,32706039,2
366,484,512,Move,32706047,2
366,484,512,Move,32706047,2
366,483,512,Move,32706055,2
366,483,512,Move,32706055,2
366,482,512,Move,32706063,2
366,482,512,Move,32706063,2
366,481,512,Move,32706079,2
366,481,512,Move,32706079,2
366,480,512,Move,32706087,2
366,480,512,Move,32706087,2
366,479,512,Move,32706103,2
366,479,512,Move,32706103,2
366,478,512,Move,32706119,2
366,478,512,Move,32706119,2
366,477,512,Move,32706127,2
366,477,512,Move,32706127,2
366,477,513,Pressed,32706263,2
366,477,513,Pressed,32706263,2
366,477,513,Pressed,32706264,2
366,477,514,Released,32706319,2
366,477,514,Released,32706319,2
366,477,512,Move,32706321,2
366,477,512,Move,32706322,2
366,476,512,Move,32706439,2
365,474,512,Move,32706447,2
364,473,512,Move,32706455,2
363,471,512,Move,32706463,2
361,469,512,Move,32706471,2
360,467,512,Move,32706479,2
359,464,512,Move,32706487,2
357,460,512,Move,32706495,2
355,454,512,Move,32706503,2
353,447,512,Move,32706511,2
349,436,512,Move,32706519,2
342,423,512,Move,32706527,2
335,410,512,Move,32706535,2
326,394,512,Move,32706543,2
315,375,512,Move,32706551,2
308,359,512,Move,32706559,2
299,341,512,Move,32706567,2
287,321,512,Move,32706575,2
275,298,512,Move,32706583,2
267,280,512,Move,32706591,2
260,266,512,Move,32706599,2
256,255,512,Move,32706607,2
251,245,512,Move,32706615,2
244,234,512,Move,32706623,2
240,223,512,Move,32706631,2
237,216,512,Move,32706639,2
234,210,512,Move,32706647,2
233,207,512,Move,32706655,2
231,202,512,Move,32706663,2
230,200,512,Move,32706671,2
230,198,512,Move,32706679,2
229,197,512,Move,32706687,2
229,196,512,Move,32706695,2
228,195,512,Move,32706703,2
228,194,512,Move,32706711,2
227,194,512,Move,32706719,2
227,192,512,Move,32706727,2
226,191,512,Move,32706735,2
225,191,512,Move,32706743,2
224,190,512,Move,32706751,2
224,188,512,Move,32706759,2
222,187,512,Move,32706767,2
220,185,512,Move,32706775,2
218,183,512,Move,32706783,2
217,181,512,Move,32706791,2
216,180,512,Move,32706799,2
215,178,512,Move,32706807,2
213,176,512,Move,32706815,2
212,174,512,Move,32706823,2
210,173,512,Move,32706831,2
209,170,512,Move,32706839,2
208,168,512,Move,32706847,2
206,165,512,Move,32706855,2
204,164,512,Move,32706863,2
203,162,512,Move,32706871,2
202,160,512,Move,32706879,2
202,159,512,Move,32706887,2
202,158,512,Move,32706895,2
201,157,512,Move,32706903,2
201,156,512,Move,32706911,2
201,154,512,Move,32706927,2
201,153,512,Move,32706943,2
201,152,512,Move,32706951,2
200,151,512,Move,32706959,2
200,150,512,Move,32706967,2
200,149,512,Move,32706975,2
200,148,512,Move,32706983,2
199,147,512,Move,32706999,2
199,146,512,Move,32707007,2
199,145,512,Move,32707015,2
199,144,512,Move,32707023,2
198,143,512,Move,32707031,2
198,142,512,Move,32707039,2
198,140,512,Move,32707047,2
197,140,512,Move,32707055,2
197,138,512,Move,32707063,2
196,138,512,Move,32707071,2
196,136,512,Move,32707079,2
195,135,512,Move,32707087,2
195,134,512,Move,32707111,2
194,134,512,Move,32707119,2
194,133,512,Move,32707135,2
193,133,512,Move,32707167,2
193,132,512,Move,32707191,2
192,132,512,Move,32707199,2
191,132,512,Move,32707207,2
190,132,512,Move,32707231,2
189,132,512,Move,32707271,2
189,132,512,Move,32707278,2
188,132,512,Move,32707279,2
187,132,512,Move,32707311,2
186,132,512,Move,32707335,2
186,132,513,Pressed,32707367,2
186,132,512,Move,32707368,2
185,132,512,Move,32707391,2
184,132,512,Move,32707423,2
183,132,512,Move,32707439,2
183,132,514,Released,32707447,2
182,132,512,Move,32707503,2
181,134,512,Move,32707521,2
181,135,512,Move,32707535,2
181,137,512,Move,32707544,2
181,138,512,Move,32707552,2
181,140,512,Move,32707559,2
183,144,512,Move,32707567,2
184,147,512,Move,32707575,2
186,149,512,Move,32707583,2
189,154,512,Move,32707591,2
193,159,512,Move,32707599,2
198,165,512,Move,32707607,2
204,172,512,Move,32707615,2
210,178,512,Move,32707623,2
217,184,512,Move,32707631,2
225,189,512,Move,32707639,2
233,195,512,Move,32707647,2
240,200,512,Move,32707655,2
246,205,512,Move,32707663,2
253,208,512,Move,32707671,2
261,210,512,Move,32707679,2
268,212,512,Move,32707687,2
276,214,512,Move,32707695,2
283,215,512,Move,32707703,2
289,216,512,Move,32707711,2
294,216,512,Move,32707719,2
299,216,512,Move,32707727,2
304,216,512,Move,32707735,2
308,216,512,Move,32707743,2
311,215,512,Move,32707751,2
315,215,512,Move,32707759,2
316,214,512,Move,32707767,2
318,213,512,Move,32707775,2
319,213,512,Move,32707783,2
319,212,512,Move,32707791,2
319,211,512,Move,32707799,2
319,210,512,Move,32707815,2
319,209,512,Move,32707831,2
319,208,512,Move,32707839,2
319,207,512,Move,32707855,2
319,206,512,Move,32707863,2
319,205,512,Move,32707871,2
318,205,512,Move,32707887,2
318,204,512,Move,32707895,2
317,204,512,Move,32707903,2
317,203,512,Move,32707911,2
317,202,512,Move,32707919,2
316,202,512,Move,32707927,2
316,202,513,Pressed,32708103,2
316,202,512,Move,32708129,2
316,202,514,Released,32708223,2
316,202,512,Move,32708224,2
316,202,515,doubleclick,32708327,2
316,202,512,Move,32708411,2
316,202,514,Released,32708413,2
318,204,512,Move,32708479,2
321,208,512,Move,32708487,2
329,213,512,Move,32708495,2
338,221,512,Move,32708503,2
349,229,512,Move,32708511,2
363,239,512,Move,32708519,2
375,249,512,Move,32708527,2
386,257,512,Move,32708535,2
397,265,512,Move,32708543,2
409,273,512,Move,32708551,2
419,283,512,Move,32708559,2
430,292,512,Move,32708567,2
440,299,512,Move,32708575,2
451,307,512,Move,32708583,2
459,313,512,Move,32708591,2
466,318,512,Move,32708599,2
475,324,512,Move,32708607,2
483,327,512,Move,32708615,2
490,332,512,Move,32708623,2
498,335,512,Move,32708631,2
505,338,512,Move,32708639,2
512,341,512,Move,32708647,2
518,344,512,Move,32708655,2
524,346,512,Move,32708663,2
531,349,512,Move,32708671,2
537,351,512,Move,32708679,2
541,353,512,Move,32708687,2
545,356,512,Move,32708695,2
549,360,512,Move,32708703,2
554,363,512,Move,32708711,2
557,366,512,Move,32708719,2
561,369,512,Move,32708727,2
565,374,512,Move,32708735,2
569,378,512,Move,32708743,2
572,382,512,Move,32708751,2
575,388,512,Move,32708759,2
579,393,512,Move,32708767,2
582,397,512,Move,32708775,2
585,400,512,Move,32708783,2
587,404,512,Move,32708791,2
590,407,512,Move,32708799,2
591,410,512,Move,32708807,2
594,414,512,Move,32708815,2
596,416,512,Move,32708823,2
598,419,512,Move,32708831,2
599,421,512,Move,32708839,2
600,423,512,Move,32708847,2
601,423,512,Move,32708855,2
602,425,512,Move,32708863,2
602,426,512,Move,32708871,2
602,427,512,Move,32708879,2
602,427,516,Pressed,32708952,2
602,427,512,Move,32708952,2
602,427,517,Released,32709007,2
602,427,512,Move,32709011,2
602,427,512,Move,32709012,2
602,428,512,Move,32709191,2
602,428,512,Move,32709191,2
603,430,512,Move,32709199,2
603,430,512,Move,32709199,2
606,434,512,Move,32709207,2
606,434,512,Move,32709207,2
609,438,512,Move,32709215,2
609,438,512,Move,32709215,2
613,442,512,Move,32709223,2
613,442,512,Move,32709223,2
616,447,512,Move,32709231,2
616,447,512,Move,32709231,2
619,451,512,Move,32709239,2
619,451,512,Move,32709239,2
622,455,512,Move,32709247,2
622,455,512,Move,32709247,2
624,458,512,Move,32709255,2
624,458,512,Move,32709255,2
626,461,512,Move,32709263,2
626,461,512,Move,32709263,2
628,464,512,Move,32709271,2
628,464,512,Move,32709271,2
631,466,512,Move,32709279,2
631,466,512,Move,32709279,2
632,468,512,Move,32709287,2
632,468,512,Move,32709287,2
634,470,512,Move,32709295,2
634,470,512,Move,32709295,2
634,472,512,Move,32709303,2
634,472,512,Move,32709303,2
635,473,512,Move,32709311,2
635,473,512,Move,32709311,2
636,473,512,Move,32709319,2
636,473,512,Move,32709319,2
636,474,512,Move,32709327,2
636,474,512,Move,32709327,2
636,475,512,Move,32709335,2
636,475,512,Move,32709335,2
636,477,512,Move,32709351,2
636,477,512,Move,32709351,2
636,478,512,Move,32709359,2
636,478,512,Move,32709359,2
636,479,512,Move,32709375,2
636,479,512,Move,32709375,2
636,481,512,Move,32709383,2
636,481,512,Move,32709383,2
636,482,512,Move,32709391,2
636,482,512,Move,32709391,2
636,484,512,Move,32709399,2
636,484,512,Move,32709399,2
636,485,512,Move,32709407,2
636,485,512,Move,32709407,2
637,487,512,Move,32709415,2
637,487,512,Move,32709415,2
637,488,512,Move,32709423,2
637,488,512,Move,32709423,2
637,489,512,Move,32709431,2
637,489,512,Move,32709431,2
638,491,512,Move,32709439,2
638,491,512,Move,32709439,2
638,492,512,Move,32709447,2
638,492,512,Move,32709447,2
638,494,512,Move,32709455,2
638,494,512,Move,32709455,2
639,495,512,Move,32709463,2
639,495,512,Move,32709463,2
639,496,512,Move,32709471,2
639,496,512,Move,32709471,2
639,497,512,Move,32709479,2
639,497,512,Move,32709479,2
640,499,512,Move,32709487,2
640,499,512,Move,32709487,2
640,500,512,Move,32709503,2
640,500,512,Move,32709503,2
641,501,512,Move,32709511,2
641,501,512,Move,32709511,2
641,502,512,Move,32709519,2
641,502,512,Move,32709519,2
641,504,512,Move,32709535,2
641,504,512,Move,32709535,2
641,505,512,Move,32709543,2
641,505,512,Move,32709543,2
641,506,512,Move,32709551,2
641,506,512,Move,32709551,2
641,508,512,Move,32709559,2
641,508,512,Move,32709559,2
641,509,512,Move,32709567,2
641,509,512,Move,32709567,2
641,512,512,Move,32709575,2
641,512,512,Move,32709575,2
641,514,512,Move,32709583,2
641,514,512,Move,32709583,2
641,515,512,Move,32709599,2
641,515,512,Move,32709600,2
641,517,512,Move,32709607,2
641,517,512,Move,32709607,2
642,518,512,Move,32709775,2
642,518,512,Move,32709775,2
641,518,512,Move,32709783,2
641,518,512,Move,32709783,2
641,519,512,Move,32709799,2
641,519,512,Move,32709799,2
641,520,512,Move,32709975,2
641,520,512,Move,32709975,2
641,521,512,Move,32710127,2
641,521,512,Move,32710127,2
641,522,512,Move,32710143,2
641,522,512,Move,32710143,2
641,523,512,Move,32710167,2
641,523,512,Move,32710167,2
641,524,512,Move,32710215,2
641,524,512,Move,32710215,2
641,525,512,Move,32710231,2
641,525,512,Move,32710231,2
641,526,512,Move,32710239,2
641,526,512,Move,32710239,2
641,527,512,Move,32710247,2
641,527,512,Move,32710247,2
641,528,512,Move,32710263,2
641,528,512,Move,32710263,2
641,529,512,Move,32710279,2
641,529,512,Move,32710279,2
640,529,512,Move,32710295,2
640,529,512,Move,32710295,2
640,530,512,Move,32710351,2
640,530,512,Move,32710351,2
640,531,512,Move,32710359,2
640,531,512,Move,32710360,2
640,532,512,Move,32710367,2
640,532,512,Move,32710367,2
640,534,512,Move,32710375,2
640,534,512,Move,32710375,2
640,535,512,Move,32710391,2
640,535,512,Move,32710391,2
640,537,512,Move,32710399,2
640,537,512,Move,32710399,2
640,538,512,Move,32710407,2
640,538,512,Move,32710407,2
640,539,512,Move,32710415,2
640,539,512,Move,32710415,2
640,540,512,Move,32710423,2
640,540,512,Move,32710423,2
640,541,512,Move,32710431,2
640,541,512,Move,32710431,2
640,541,513,Pressed,32710631,2
640,541,513,Pressed,32710631,2
640,541,513,Pressed,32710632,2
640,541,514,Released,32710719,2
640,541,514,Released,32710719,2
640,541,512,Move,32710721,2
640,541,512,Move,32710739,2
639,540,512,Move,32710975,2
637,539,512,Move,32710988,2
632,538,512,Move,32710991,2
628,536,512,Move,32710999,2
625,535,512,Move,32711007,2
622,534,512,Move,32711015,2
621,532,512,Move,32711023,2
620,532,512,Move,32711031,2
618,530,512,Move,32711039,2
616,528,512,Move,32711047,2
613,525,512,Move,32711055,2
607,520,512,Move,32711063,2
601,516,512,Move,32711071,2
591,509,512,Move,32711079,2
584,501,512,Move,32711087,2
574,492,512,Move,32711095,2
573,491,512,Move,32711103,2
572,490,512,Move,32711551,2
571,490,512,Move,32711559,2
569,488,512,Move,32711567,2
569,487,512,Move,32711575,2
568,487,512,Move,32711599,2
567,486,512,Move,32711607,2
566,485,512,Move,32711615,2
566,484,512,Move,32711623,2
564,483,512,Move,32711631,2
562,480,512,Move,32711639,2
560,477,512,Move,32711647,2
558,472,512,Move,32711655,2
556,468,512,Move,32711663,2
554,465,512,Move,32711671,2
553,462,512,Move,32711679,2
553,461,512,Move,32711687,2
552,461,512,Move,32711695,2
551,461,512,Move,32711727,2
550,463,512,Move,32711735,2
545,469,512,Move,32711743,2
535,479,512,Move,32711751,2
523,492,512,Move,32711759,2
510,505,512,Move,32711767,2
497,517,512,Move,32711775,2
485,530,512,Move,32711783,2
472,543,512,Move,32711791,2
458,554,512,Move,32711799,2
445,565,512,Move,32711807,2
431,575,512,Move,32711815,2
420,583,512,Move,32711823,2
411,590,512,Move,32711831,2
405,595,512,Move,32711839,2
401,598,512,Move,32711847,2
398,600,512,Move,32711855,2
396,601,512,Move,32711863,2
395,601,512,Move,32711871,2
394,601,512,Move,32711887,2
394,602,512,Move,32712047,2
394,603,512,Move,32712055,2
394,604,512,Move,32712063,2
394,606,512,Move,32712071,2
394,608,512,Move,32712079,2
394,611,512,Move,32712087,2
394,614,512,Move,32712095,2
394,617,512,Move,32712103,2
394,618,512,Move,32712111,2
394,621,512,Move,32712119,2
394,623,512,Move,32712127,2
394,624,512,Move,32712135,2
394,625,512,Move,32712143,2
394,626,512,Move,32712154,2
394,627,512,Move,32712159,2
394,629,512,Move,32712167,2
394,630,512,Move,32712183,2
394,631,512,Move,32712191,2
394,632,512,Move,32712207,2
394,633,512,Move,32712215,2
394,634,512,Move,32712223,2
394,635,512,Move,32712255,2
394,636,512,Move,32712263,2
394,637,512,Move,32712287,2
394,638,512,Move,32712295,2
394,639,512,Move,32712303,2
394,640,512,Move,32712311,2
394,641,512,Move,32712319,2
394,641,513,Pressed,32712431,2
394,641,512,Move,32712432,2
394,641,514,Released,32712543,2
394,641,512,Move,32712544,2
394,641,515,doubleclick,32712671,2
394,641,512,Move,32712835,2
394,641,514,Released,32712835,2
394,641,512,Move,32712836,2
394,638,512,Move,32712870,2
394,637,512,Move,32712879,2
394,636,512,Move,32712887,2
394,635,512,Move,32712895,2
394,634,512,Move,32712911,2
394,633,512,Move,32712927,2
394,632,512,Move,32712936,2
394,631,512,Move,32712943,2
394,630,512,Move,32712959,2
394,629,512,Move,32712967,2
394,628,512,Move,32712976,2
394,627,512,Move,32712983,2
394,625,512,Move,32712991,2
394,624,512,Move,32712999,2
394,622,512,Move,32713007,2
394,619,512,Move,32713015,2
395,614,512,Move,32713023,2
393,606,512,Move,32713031,2
392,597,512,Move,32713039,2
389,587,512,Move,32713047,2
388,577,512,Move,32713055,2
387,565,512,Move,32713063,2
384,551,512,Move,32713071,2
380,538,512,Move,32713079,2
375,524,512,Move,32713087,2
369,510,512,Move,32713095,2
365,498,512,Move,32713103,2
360,486,512,Move,32713111,2
354,470,512,Move,32713119,2
347,456,512,Move,32713127,2
342,443,512,Move,32713135,2
338,432,512,Move,32713143,2
332,420,512,Move,32713151,2
329,413,512,Move,32713159,2
326,404,512,Move,32713167,2
321,395,512,Move,32713175,2
317,386,512,Move,32713183,2
312,377,512,Move,32713191,2
308,368,512,Move,32713199,2
303,362,512,Move,32713207,2
297,353,512,Move,32713215,2
289,343,512,Move,32713223,2
282,334,512,Move,32713231,2
274,325,512,Move,32713239,2
269,319,512,Move,32713247,2
265,313,512,Move,32713255,2
261,307,512,Move,32713263,2
256,301,512,Move,32713271,2
251,295,512,Move,32713279,2
247,289,512,Move,32713287,2
243,285,512,Move,32713295,2
240,280,512,Move,32713303,2
238,276,512,Move,32713311,2
235,273,512,Move,32713319,2
233,271,512,Move,32713327,2
230,266,512,Move,32713335,2
227,263,512,Move,32713343,2
225,261,512,Move,32713351,2
224,258,512,Move,32713359,2
222,256,512,Move,32713367,2
221,253,512,Move,32713375,2
219,252,512,Move,32713383,2
217,250,512,Move,32713391,2
216,248,512,Move,32713399,2
216,246,512,Move,32713407,2
215,245,512,Move,32713415,2
214,243,512,Move,32713423,2
213,241,512,Move,32713431,2
213,239,512,Move,32713439,2
212,235,512,Move,32713447,2
212,231,512,Move,32713455,2
211,227,512,Move,32713463,2
211,225,512,Move,32713471,2
211,220,512,Move,32713479,2
211,216,512,Move,32713487,2
211,212,512,Move,32713495,2
211,209,512,Move,32713503,2
211,206,512,Move,32713511,2
211,203,512,Move,32713519,2
212,199,512,Move,32713527,2
212,196,512,Move,32713535,2
212,194,512,Move,32713543,2
212,192,512,Move,32713551,2
212,189,512,Move,32713559,2
212,187,512,Move,32713575,2
212,186,512,Move,32713583,2
212,185,512,Move,32713599,2
212,184,512,Move,32713607,2
211,182,512,Move,32713623,2
211,181,512,Move,32713631,2
210,180,512,Move,32713639,2
209,178,512,Move,32713647,2
208,176,512,Move,32713655,2
206,175,512,Move,32713663,2
205,173,512,Move,32713671,2
204,171,512,Move,32713679,2
202,169,512,Move,32713687,2
200,168,512,Move,32713695,2
198,166,512,Move,32713703,2
197,165,512,Move,32713711,2
194,163,512,Move,32713719,2
192,162,512,Move,32713727,2
190,161,512,Move,32713735,2
189,160,512,Move,32713743,2
188,159,512,Move,32713751,2
186,157,512,Move,32713759,2
185,156,512,Move,32713767,2
185,155,512,Move,32713783,2
184,154,512,Move,32713791,2
184,153,512,Move,32713799,2
183,152,512,Move,32713807,2
182,151,512,Move,32713815,2
182,150,512,Move,32713823,2
181,149,512,Move,32713831,2
181,147,512,Move,32713839,2
181,146,512,Move,32713847,2
181,144,512,Move,32713855,2
181,143,512,Move,32713863,2
181,141,512,Move,32713871,2
181,140,512,Move,32713879,2
181,139,512,Move,32713887,2
181,137,512,Move,32713895,2
181,136,512,Move,32713903,2
181,135,512,Move,32713911,2
181,134,512,Move,32713919,2
181,133,512,Move,32713943,2
181,133,513,Pressed,32713999,2
181,133,514,Released,32714063,2
181,132,512,Move,32714151,2
180,132,512,Move,32714175,2
179,132,512,Move,32714183,2
179,131,512,Move,32714191,2
178,131,512,Move,32714207,2
178,131,513,Pressed,32714399,2
178,131,514,Released,32714447,2
178,131,512,Move,32714504,2
177,132,512,Move,32715271,2
179,137,512,Move,32715279,2
182,142,512,Move,32715287,2
186,146,512,Move,32715295,2
193,155,512,Move,32715303,2
201,166,512,Move,32715311,2
209,177,512,Move,32715319,2
217,189,512,Move,32715327,2
229,202,512,Move,32715335,2
238,216,512,Move,32715343,2
247,230,512,Move,32715351,2
257,244,512,Move,32715359,2
262,258,512,Move,32715367,2
268,273,512,Move,32715375,2
275,287,512,Move,32715383,2
280,299,512,Move,32715391,2
284,313,512,Move,32715399,2
290,327,512,Move,32715407,2
297,341,512,Move,32715415,2
302,353,512,Move,32715423,2
308,365,512,Move,32715431,2
313,376,512,Move,32715439,2
317,383,512,Move,32715447,2
321,388,512,Move,32715455,2
324,390,512,Move,32715463,2
326,393,512,Move,32715471,2
327,394,512,Move,32715479,2
327,395,512,Move,32715487,2
327,394,512,Move,32715615,2
327,393,512,Move,32715631,2
327,392,512,Move,32715647,2
327,391,512,Move,32715655,2
327,390,512,Move,32715671,2
327,389,512,Move,32715687,2
327,388,512,Move,32715703,2
328,388,512,Move,32715719,2
328,387,512,Move,32715727,2
328,386,512,Move,32715735,2
329,386,512,Move,32715743,2
330,385,512,Move,32715751,2
330,384,512,Move,32715759,2
331,384,512,Move,32715767,2
332,383,512,Move,32715775,2
332,382,512,Move,32715783,2
332,381,512,Move,32715791,2
333,381,512,Move,32715799,2
334,380,512,Move,32715807,2
334,379,512,Move,32715815,2
334,378,512,Move,32716271,2
334,378,512,Move,32716421,2
334,378,516,Pressed,32716463,2
334,378,512,Move,32716479,2
334,378,517,Released,32716567,2
334,378,512,Move,32716661,2
334,378,512,Move,32716662,2
334,382,512,Move,32716903,2
334,382,512,Move,32716903,2
335,387,512,Move,32716911,2
335,387,512,Move,32716911,2
337,394,512,Move,32716919,2
337,394,512,Move,32716919,2
340,401,512,Move,32716927,2
340,401,512,Move,32716927,2
343,410,512,Move,32716935,2
343,410,512,Move,32716935,2
346,418,512,Move,32716943,2
346,418,512,Move,32716943,2
350,428,512,Move,32716951,2
350,428,512,Move,32716951,2
356,440,512,Move,32716959,2
356,440,512,Move,32716959,2
361,451,512,Move,32716967,2
361,451,512,Move,32716967,2
365,463,512,Move,32716975,2
365,463,512,Move,32716975,2
371,477,512,Move,32716983,2
371,477,512,Move,32716983,2
376,490,512,Move,32716991,2
376,490,512,Move,32716991,2
382,503,512,Move,32716999,2
382,503,512,Move,32716999,2
386,513,512,Move,32717007,2
386,513,512,Move,32717007,2
390,527,512,Move,32717015,2
390,527,512,Move,32717015,2
395,537,512,Move,32717023,2
395,537,512,Move,32717023,2
397,546,512,Move,32717031,2
397,546,512,Move,32717031,2
400,558,512,Move,32717039,2
400,558,512,Move,32717039,2
401,567,512,Move,32717047,2
401,567,512,Move,32717047,2
403,575,512,Move,32717055,2
403,575,512,Move,32717055,2
405,584,512,Move,32717063,2
405,584,512,Move,32717063,2
405,593,512,Move,32717071,2
405,593,512,Move,32717071,2
405,601,512,Move,32717079,2
405,601,512,Move,32717079,2
405,609,512,Move,32717087,2
405,609,512,Move,32717087,2
405,616,512,Move,32717095,2
405,616,512,Move,32717095,2
405,621,512,Move,32717103,2
405,621,512,Move,32717103,2
405,625,512,Move,32717111,2
405,625,512,Move,32717111,2
405,629,512,Move,32717119,2
405,629,512,Move,32717119,2
405,633,512,Move,32717127,2
405,633,512,Move,32717127,2
405,635,512,Move,32717135,2
405,635,512,Move,32717135,2
405,638,512,Move,32717143,2
405,638,512,Move,32717143,2
405,641,512,Move,32717151,2
405,641,512,Move,32717151,2
405,642,512,Move,32717159,2
405,642,512,Move,32717159,2
405,645,512,Move,32717167,2
405,645,512,Move,32717167,2
405,647,512,Move,32717175,2
405,647,512,Move,32717175,2
405,648,512,Move,32717183,2
405,648,512,Move,32717183,2
405,650,512,Move,32717191,2
405,650,512,Move,32717191,2
405,652,512,Move,32717199,2
405,652,512,Move,32717200,2
405,653,512,Move,32717207,2
405,653,512,Move,32717207,2
405,655,512,Move,32717215,2
405,655,512,Move,32717215,2
405,657,512,Move,32717223,2
405,657,512,Move,32717223,2
405,658,512,Move,32717231,2
405,658,512,Move,32717231,2
405,661,512,Move,32717239,2
405,661,512,Move,32717239,2
405,662,512,Move,32717247,2
405,662,512,Move,32717247,2
405,663,512,Move,32717255,2
405,663,512,Move,32717255,2
405,664,512,Move,32717263,2
405,664,512,Move,32717263,2
405,665,512,Move,32717279,2
405,665,512,Move,32717279,2
405,665,513,Pressed,32717527,2
405,665,513,Pressed,32717527,2
405,665,513,Pressed,32717528,2
405,665,514,Released,32717615,2
405,665,514,Released,32717615,2
405,665,160,Move,32717617,2
405,665,160,Move,32717622,2
405,665,160,Move,32717624,2
405,665,160,Move,32717635,2
405,664,160,Move,32717671,2
405,662,160,Move,32717679,2
405,661,160,Move,32717687,2
405,660,160,Move,32717695,2
406,658,160,Move,32717703,2
407,658,160,Move,32717711,2
407,655,160,Move,32717719,2
409,652,160,Move,32717735,2
412,650,160,Move,32717743,2
413,648,160,Move,32717751,2
416,646,160,Move,32717759,2
419,643,160,Move,32717767,2
424,638,160,Move,32717775,2
431,633,160,Move,32717783,2
437,627,160,Move,32717791,2
444,619,160,Move,32717799,2
452,612,160,Move,32717807,2
461,602,160,Move,32717815,2
466,595,160,Move,32717823,2
476,584,160,Move,32717831,2
485,573,160,Move,32717839,2
494,563,160,Move,32717847,2
503,553,160,Move,32717855,2
509,543,160,Move,32717863,2
516,534,160,Move,32717871,2
522,527,160,Move,32717879,2
529,517,160,Move,32717887,2
535,508,160,Move,32717895,2
543,499,160,Move,32717903,2
550,491,160,Move,32717911,2
555,482,160,Move,32717919,2
560,476,160,Move,32717927,2
564,470,160,Move,32717935,2
569,463,160,Move,32717943,2
574,457,160,Move,32717951,2
578,451,160,Move,32717959,2
581,446,160,Move,32717967,2
584,442,160,Move,32717975,2
585,439,160,Move,32717983,2
586,437,160,Move,32717991,2
588,433,160,Move,32717999,2
589,430,160,Move,32718007,2
590,427,160,Move,32718015,2
590,424,160,Move,32718023,2
590,422,160,Move,32718031,2
590,419,160,Move,32718039,2
590,417,512,Move,32718047,2
590,414,512,Move,32718055,2
590,412,512,Move,32718063,2
590,410,512,Move,32718071,2
590,409,512,Move,32718079,2
590,407,512,Move,32718087,2
590,405,512,Move,32718095,2
590,404,512,Move,32718103,2
590,403,512,Move,32718111,2
590,402,512,Move,32718119,2
590,401,512,Move,32718127,2
590,400,512,Move,32718135,2
590,399,512,Move,32718143,2
590,398,512,Move,32718159,2
590,397,512,Move,32718167,2
590,397,513,Pressed,32718327,2
590,397,514,Released,32718463,2
590,397,512,Move,32718477,2
590,397,512,Move,32718515,2
589,398,512,Move,32719183,2
583,404,512,Move,32719191,2
577,411,512,Move,32719199,2
567,421,512,Move,32719207,2
558,433,512,Move,32719215,2
545,446,512,Move,32719223,2
534,458,512,Move,32719231,2
522,475,512,Move,32719239,2
509,493,512,Move,32719247,2
493,514,512,Move,32719255,2
479,534,512,Move,32719263,2
461,556,512,Move,32719271,2
453,567,512,Move,32719279,2
440,588,512,Move,32719287,2
429,608,512,Move,32719295,2
417,628,512,Move,32719303,2
408,652,512,Move,32719311,2
400,674,512,Move,32719319,2
399,692,512,Move,32719327,2
397,709,512,Move,32719335,2
397,722,512,Move,32719343,2
397,732,512,Move,32719351,2
398,741,160,Move,32719359,2
399,746,512,Move,32719367,2
400,752,512,Move,32719375,2
400,754,512,Move,32719383,2
400,755,512,Move,32719391,2
399,755,512,Move,32719407,2
399,754,512,Move,32719559,2
399,753,512,Move,32719567,2
398,752,512,Move,32719583,2
397,750,512,Move,32719591,2
395,749,512,Move,32719599,2
394,749,512,Move,32719607,2
393,747,512,Move,32719615,2
391,747,512,Move,32719623,2
389,746,512,Move,32719631,2
389,745,512,Move,32719639,2
387,745,512,Move,32719647,2
383,745,512,Move,32719655,2
382,744,512,Move,32719663,2
380,744,512,Move,32719671,2
379,744,512,Move,32719679,2
377,744,512,Move,32719687,2
376,744,512,Move,32719695,2
374,744,512,Move,32719703,2
371,744,512,Move,32719711,2
369,744,512,Move,32719719,2
366,744,512,Move,32719727,2
363,744,512,Move,32719735,2
359,744,512,Move,32719743,2
356,744,512,Move,32719751,2
353,744,512,Move,32719759,2
350,744,512,Move,32719767,2
348,744,512,Move,32719775,2
346,744,512,Move,32719783,2
345,744,512,Move,32719791,2
345,745,512,Move,32719855,2
344,745,512,Move,32719863,2
344,746,512,Move,32719879,2
344,747,512,Move,32719895,2
344,749,512,Move,32719919,2
346,750,512,Move,32719927,2
349,751,512,Move,32719935,2
351,752,512,Move,32719943,2
353,752,512,Move,32719951,2
356,752,512,Move,32719959,2
358,752,512,Move,32719967,2
359,752,512,Move,32719975,2
360,752,512,Move,32719983,2
361,752,512,Move,32719991,2
362,752,512,Move,32720007,2
363,752,512,Move,32720031,2
364,752,512,Move,32720087,2
364,752,513,Pressed,32720215,2
364,752,514,Released,32720335,2
364,752,512,Move,32720336,2
364,752,512,Move,32720337,2
365,752,512,Move,32720487,2
366,752,512,Move,32720495,2
368,752,512,Move,32720503,2
372,753,512,Move,32720511,2
377,753,512,Move,32720519,2
384,754,512,Move,32720527,2
391,755,512,Move,32720535,2
400,756,512,Move,32720543,2
410,757,512,Move,32720551,2
423,759,512,Move,32720559,2
438,759,512,Move,32720567,2
453,760,512,Move,32720575,2
470,761,512,Move,32720583,2
490,761,512,Move,32720591,2
511,761,512,Move,32720599,2
531,761,512,Move,32720607,2
552,761,512,Move,32720615,2
570,761,512,Move,32720623,2
587,761,512,Move,32720631,2
603,761,512,Move,32720639,2
617,761,512,Move,32720647,2
630,761,512,Move,32720655,2
641,761,512,Move,32720663,2
651,761,512,Move,32720671,2
658,761,512,Move,32720679,2
665,761,512,Move,32720687,2
670,761,512,Move,32720695,2
675,761,512,Move,32720703,2
679,761,512,Move,32720711,2
682,761,512,Move,32720719,2
686,761,512,Move,32720727,2
688,761,512,Move,32720735,2
691,761,512,Move,32720743,2
692,761,512,Move,32720751,2
694,761,512,Move,32720759,2
696,760,512,Move,32720767,2
697,760,512,Move,32720783,2
697,759,512,Move,32720791,2
697,759,512,Move,32720793,2
698,759,512,Move,32720815,2
699,759,512,Move,32720823,2
699,758,512,Move,32720831,2
701,758,512,Move,32720847,2
703,758,512,Move,32720855,2
707,758,512,Move,32720863,2
711,758,512,Move,32720871,2
715,758,512,Move,32720879,2
718,758,512,Move,32720887,2
723,758,512,Move,32720895,2
726,758,512,Move,32720903,2
729,757,512,Move,32720911,2
730,756,512,Move,32720919,2
732,756,512,Move,32720927,2
733,756,512,Move,32720959,2
733,756,513,Pressed,32720999,2
733,756,512,Move,32721000,2
733,756,514,Released,32721095,2
733,756,512,Move,32721096,2
733,756,512,Move,32721097,2
733,756,512,Move,32721099,2
733,756,512,Move,32721100,2
732,755,512,Move,32721111,2
731,755,512,Move,32721119,2
728,753,512,Move,32721127,2
722,749,512,Move,32721135,2
713,745,512,Move,32721143,2
704,740,160,Move,32721151,2
693,735,512,Move,32721159,8
678,729,512,Move,32721167,8
662,722,512,Move,32721175,8
643,710,512,Move,32721183,8
624,698,512,Move,32721191,8
602,682,512,Move,32721199,8
581,666,512,Move,32721207,8
559,644,512,Move,32721215,8
536,621,512,Move,32721223,8
510,597,512,Move,32721231,8
483,557,512,Move,32721239,8
456,516,512,Move,32721247,8
429,475,512,Move,32721255,8
407,439,512,Move,32721263,8
389,406,512,Move,32721271,8
372,373,512,Move,32721279,8
354,340,512,Move,32721287,8
340,308,512,Move,32721295,8
328,276,512,Move,32721303,8
318,254,512,Move,32721311,8
308,235,512,Move,32721319,8
300,216,512,Move,32721327,8
294,196,512,Move,32721335,8
288,178,512,Move,32721343,8
284,161,512,Move,32721351,8
278,141,512,Move,32721359,8
272,128,512,Move,32721367,8
266,115,512,Move,32721375,8
263,111,512,Move,32721383,8
263,110,512,Move,32721391,8
264,111,512,Move,32721583,8
272,121,512,Move,32721591,8
276,128,512,Move,32721599,8
278,129,512,Move,32721607,8
281,132,512,Move,32721615,8
286,134,512,Move,32721623,8
292,138,512,Move,32721631,8
298,140,512,Move,32721639,8
305,140,512,Move,32721647,8
308,140,512,Move,32721655,8
312,140,512,Move,32721663,8
316,138,512,Move,32721671,8
318,137,512,Move,32721679,8
322,134,512,Move,32721687,8
325,132,512,Move,32721695,8
328,129,512,Move,32721703,8
332,126,512,Move,32721711,8
335,124,512,Move,32721719,8
338,122,512,Move,32721727,8
340,119,512,Move,32721735,8
345,117,512,Move,32721743,8
346,115,512,Move,32721751,8
349,113,512,Move,32721759,8
351,111,512,Move,32721767,8
353,110,512,Move,32721775,8
354,108,512,Move,32721783,8
354,106,512,Move,32721791,8
354,105,512,Move,32721799,8
354,103,512,Move,32721807,8
354,101,512,Move,32721815,8
354,99,512,Move,32721823,8
354,97,512,Move,32721831,8
354,94,512,Move,32721839,8
354,92,512,Move,32721847,8
353,89,512,Move,32721855,8
352,85,512,Move,32721863,8
352,81,512,Move,32721871,8
351,78,512,Move,32721879,8
351,74,512,Move,32721887,8
350,71,512,Move,32721895,8
349,68,512,Move,32721903,8
349,67,512,Move,32721911,8
349,65,512,Move,32721919,8
349,64,512,Move,32721927,8
348,63,512,Move,32721935,8
348,61,512,Move,32721943,8
348,59,512,Move,32721959,8
347,58,512,Move,32721967,8
347,57,512,Move,32721991,8
347,57,513,Pressed,32722071,8
347,57,514,Released,32722175,8
347,57,512,Move,32722177,8
347,57,512,Move,32723344,8
346,57,512,Move,32736623,8
345,57,512,Move,32736633,8
344,57,512,Move,32736639,8
341,57,512,Move,32736647,8
339,57,512,Move,32736655,8
338,57,512,Move,32736663,8
337,57,512,Move,32737063,8
336,57,512,Move,32737071,8
336,58,512,Move,32737079,8
335,59,512,Move,32737087,8
334,59,512,Move,32737103,8
333,60,512,Move,32737111,8
333,61,512,Move,32737119,8
332,61,512,Move,32737150,8
331,61,512,Move,32737319,8
329,61,512,Move,32737327,8
328,61,512,Move,32737351,8
327,61,512,Move,32737361,8
326,61,512,Move,32737375,8
325,61,512,Move,32737735,8
326,61,512,Move,32737895,8
327,61,512,Move,32737951,8
327,61,513,Pressed,32738279,8
326,61,512,Move,32738511,8
325,61,512,Move,32738519,8
324,61,512,Move,32738535,8
323,61,512,Move,32738551,8
321,61,512,Move,32738559,8
319,61,512,Move,32738575,8
317,61,512,Move,32738583,8
315,61,512,Move,32738591,8
314,61,512,Move,32738599,8
313,61,512,Move,32738607,8
313,61,514,Released,32738609,8
313,61,512,Move,32738610,8
312,61,512,Move,32738615,8
311,61,512,Move,32738623,8
309,61,512,Move,32738648,8
308,61,512,Move,32738655,8
307,61,512,Move,32738671,8
306,61,512,Move,32738679,8
306,60,512,Move,32738687,8
305,60,512,Move,32738695,8
303,60,512,Move,32738703,8
302,60,512,Move,32738711,8
301,60,512,Move,32738719,8
300,60,512,Move,32738727,8
300,60,513,Pressed,32738728,8
299,60,512,Move,32738735,8
298,60,512,Move,32738745,8
297,60,512,Move,32738751,8
296,60,512,Move,32738767,8
295,60,512,Move,32738791,8
294,60,512,Move,32738823,8
293,60,512,Move,32738849,8
292,60,512,Move,32738863,8
291,60,512,Move,32738887,8
290,60,512,Move,32738895,8
289,60,512,Move,32738935,8
288,60,512,Move,32738945,8
287,60,512,Move,32738967,8
287,60,514,Released,32738983,8
287,60,512,Move,32738984,8
286,60,512,Move,32738999,8
285,60,512,Move,32739015,8
284,60,512,Move,32739063,8
284,61,512,Move,32739215,8
284,62,512,Move,32739223,8
287,62,512,Move,32739231,8
288,64,512,Move,32739239,8
291,64,512,Move,32739249,8
293,65,512,Move,32739255,8
297,66,512,Move,32739263,8
298,67,512,Move,32739271,8
301,68,512,Move,32739279,8
303,69,512,Move,32739287,8
305,70,512,Move,32739295,8
306,70,512,Move,32739303,8
307,70,512,Move,32739311,8
308,71,512,Move,32739319,8
309,71,512,Move,32739383,8
310,71,512,Move,32739391,8
311,71,512,Move,32739415,8
312,71,512,Move,32739423,8
313,71,512,Move,32739439,8
314,70,512,Move,32739449,8
315,70,512,Move,32739455,8
316,70,512,Move,32739463,8
318,69,512,Move,32739471,8
319,69,512,Move,32739479,8
320,69,512,Move,32739487,8
322,69,512,Move,32739495,8
323,68,512,Move,32739511,8
324,68,512,Move,32739519,8
325,68,512,Move,32739543,8
326,68,512,Move,32739591,8
327,68,512,Move,32739607,8
327,67,512,Move,32739631,8
328,67,512,Move,32739647,8
329,67,512,Move,32739657,8
330,67,512,Move,32739679,8
331,67,512,Move,32739695,8
332,67,512,Move,32739727,8
333,67,512,Move,32739735,8
334,67,512,Move,32739743,8
335,67,512,Move,32739839,8
336,67,512,Move,32739859,8
337,67,512,Move,32739879,8
338,67,512,Move,32739887,8
339,67,512,Move,32739895,8
341,67,512,Move,32739903,8
343,67,512,Move,32739911,8
345,67,512,Move,32739919,8
349,67,512,Move,32739927,8
353,68,512,Move,32739935,8
358,70,512,Move,32739943,8
362,70,512,Move,32739951,8
366,70,512,Move,32739961,8
371,72,512,Move,32739967,8
375,73,512,Move,32739975,8
380,73,512,Move,32739983,8
384,73,512,Move,32739991,8
387,75,512,Move,32739999,8
390,76,512,Move,32740007,8
392,77,512,Move,32740015,8
394,78,512,Move,32740023,8
396,79,512,Move,32740031,8
399,80,512,Move,32740039,8
401,81,512,Move,32740047,8
402,81,512,Move,32740057,8
403,81,512,Move,32740063,8
404,81,512,Move,32740071,8
405,81,512,Move,32740087,8
405,80,512,Move,32740567,8
405,79,512,Move,32740575,8
405,78,512,Move,32740585,8
405,77,512,Move,32740599,8
405,76,512,Move,32740607,8
405,75,512,Move,32740639,8
404,75,512,Move,32740671,8
404,74,512,Move,32740927,8
404,73,512,Move,32740935,8
404,72,512,Move,32740959,8
404,71,512,Move,32740991,8
403,71,512,Move,32741015,8
403,70,512,Move,32741023,8
403,69,512,Move,32741279,8
403,68,512,Move,32741287,8
402,68,512,Move,32741295,8
402,67,512,Move,32741303,8
402,66,512,Move,32741311,8
401,66,512,Move,32741321,8
401,65,512,Move,32741335,8
400,65,512,Move,32741351,8
400,65,513,Pressed,32741559,8
400,65,514,Released,32741727,8
400,65,512,Move,32741728,8
400,65,513,Pressed,32743447,8
400,65,514,Released,32743583,8
400,65,512,Move,32743586,8
400,68,512,Move,32744239,8
401,71,512,Move,32744247,8
413,77,512,Move,32744255,8
427,84,512,Move,32744263,8
441,89,512,Move,32744274,8
457,96,512,Move,32744279,8
471,104,512,Move,32744287,8
489,114,512,Move,32744295,8
508,123,512,Move,32744303,8
527,133,512,Move,32744311,8
549,143,512,Move,32744319,8
578,157,512,Move,32744327,8
606,166,512,Move,32744335,8
631,177,512,Move,32744343,8
652,183,512,Move,32744351,8
671,191,512,Move,32744359,8
688,197,512,Move,32744369,8
702,202,512,Move,32744375,8
714,206,512,Move,32744383,8
723,209,512,Move,32744391,8
729,211,512,Move,32744399,8
734,214,512,Move,32744407,8
737,216,512,Move,32744415,8
739,217,512,Move,32744423,8
740,218,512,Move,32744431,8
740,217,512,Move,32744663,8
739,215,512,Move,32744671,8
739,214,512,Move,32744687,8
739,213,512,Move,32744695,8
738,213,512,Move,32744703,8
738,212,512,Move,32744711,8
737,212,512,Move,32744719,8
737,211,512,Move,32744759,8
739,211,512,Move,32744775,8
741,210,512,Move,32744785,8
744,209,512,Move,32744791,8
747,209,512,Move,32744799,8
750,208,512,Move,32744807,8
752,208,512,Move,32744815,8
755,207,512,Move,32744823,8
758,207,512,Move,32744831,8
760,206,512,Move,32744839,8
761,206,512,Move,32744847,8
763,206,512,Move,32744855,8
763,205,512,Move,32744863,8
765,205,512,Move,32744871,8
766,205,512,Move,32744881,8
767,205,512,Move,32744895,8
768,204,512,Move,32744903,8
770,203,512,Move,32744919,8
771,203,512,Move,32744927,8
772,202,512,Move,32744935,8
773,202,512,Move,32744943,8
774,201,512,Move,32744951,8
775,201,512,Move,32744959,8
776,200,512,Move,32744967,8
777,200,512,Move,32744977,8
780,200,512,Move,32744983,8
782,199,512,Move,32744991,8
785,199,512,Move,32744999,8
787,198,512,Move,32745007,8
790,198,512,Move,32745015,8
793,197,512,Move,32745023,8
795,197,512,Move,32745031,8
798,196,512,Move,32745039,8
802,196,512,Move,32745047,8
804,195,512,Move,32745055,8
806,195,512,Move,32745063,8
809,194,512,Move,32745071,8
812,194,512,Move,32745081,8
814,194,512,Move,32745087,8
817,194,512,Move,32745095,8
821,194,512,Move,32745103,8
824,194,512,Move,32745111,8
828,194,512,Move,32745119,8
832,194,512,Move,32745127,8
836,194,512,Move,32745135,8
841,194,512,Move,32745143,8
848,192,512,Move,32745151,8
856,190,512,Move,32745159,8
865,189,512,Move,32745167,8
875,187,512,Move,32745175,8
887,185,512,Move,32745185,8
899,183,512,Move,32745191,8
911,181,512,Move,32745199,8
925,178,512,Move,32745207,8
938,177,512,Move,32745215,8
953,174,512,Move,32745223,8
963,171,512,Move,32745231,8
975,170,512,Move,32745239,8
985,169,512,Move,32745247,8
994,166,512,Move,32745255,8
1003,165,512,Move,32745263,8
1011,164,512,Move,32745271,8
1018,163,512,Move,32745279,8
1023,160,512,Move,32745289,8
1023,158,512,Move,32745295,8
1023,156,512,Move,32745303,8
1023,154,512,Move,32745311,8
1023,152,512,Move,32745319,8
1023,150,512,Move,32745327,8
1023,148,512,Move,32745335,8
1023,147,512,Move,32745343,8
1023,145,512,Move,32745351,8
1023,144,512,Move,32745359,8
1023,143,512,Move,32745367,8
1023,142,512,Move,32745375,8
1023,141,512,Move,32745383,8
1023,139,512,Move,32745394,8
1023,136,512,Move,32745399,8
1023,131,512,Move,32745407,8
1023,123,512,Move,32745415,8
1023,116,512,Move,32745423,8
1023,109,512,Move,32745431,8
1021,102,512,Move,32745439,8
1020,97,512,Move,32745447,8
1019,91,512,Move,32745455,8
1018,87,512,Move,32745463,8
1016,83,512,Move,32745471,8
1014,78,512,Move,32745479,8
1013,74,512,Move,32745487,8
1011,70,512,Move,32745498,8
1009,66,512,Move,32745503,8
1007,61,512,Move,32745511,8
1005,59,512,Move,32745519,8
1004,55,512,Move,32745527,8
1003,52,512,Move,32745535,8
1002,50,512,Move,32745543,8
1002,48,512,Move,32745551,8
1002,46,512,Move,32745559,8
1001,43,512,Move,32745567,8
1001,42,512,Move,32745575,8
1001,40,512,Move,32745583,8
1001,39,512,Move,32745591,8
1001,37,512,Move,32745601,8
1001,35,512,Move,32745607,8
1001,34,512,Move,32745615,8
1001,32,512,Move,32745623,8
1001,31,512,Move,32745631,8
1001,29,512,Move,32745639,8
1001,27,512,Move,32745647,8
1001,25,512,Move,32745663,8
1001,24,512,Move,32745671,8
1001,23,512,Move,32745687,8
1001,22,512,Move,32745711,8
1002,22,512,Move,32745799,8
1003,21,512,Move,32745809,8
1003,20,512,Move,32745831,8
1004,19,512,Move,32745847,8
1005,18,160,Move,32745855,8
1006,17,160,Move,32745871,8
1007,17,160,Move,32745879,8
1007,16,160,Move,32745887,8
1007,15,160,Move,32745895,8
1008,15,160,Move,32745903,8
1009,14,160,Move,32745911,8
1009,13,160,Move,32745935,8
1009,12,160,Move,32745951,8
1010,11,160,Move,32745967,8
1011,11,160,Move,32745983,8
1011,10,160,Move,32745991,8
1010,10,160,Move,32747007,8
1009,10,160,Move,32747015,8
1008,10,160,Move,32747023,8
1007,10,160,Move,32747047,8
1005,10,160,Move,32747055,8
1004,10,160,Move,32747071,8
1002,10,160,Move,32747079,8
1001,10,160,Move,32747087,8
1000,10,160,Move,32747098,8
999,10,160,Move,32747103,8
998,10,160,Move,32747111,8
996,10,160,Move,32747119,8
994,10,160,Move,32747127,8
993,10,160,Move,32747135,8
990,10,160,Move,32747143,8
989,10,160,Move,32747151,8
985,10,160,Move,32747159,8
983,10,160,Move,32747167,8
979,10,160,Move,32747175,8
977,10,160,Move,32747183,8
974,10,160,Move,32747191,8
972,10,160,Move,32747199,8
971,10,160,Move,32747209,8
970,10,160,Move,32747215,8
969,10,160,Move,32747223,8
968,10,160,Move,32747239,8
969,10,160,Move,32747447,8
970,9,160,Move,32747455,8
971,9,160,Move,32747471,8
972,8,160,Move,32747479,8
973,8,160,Move,32747495,8
974,8,160,Move,32747503,8
974,7,160,Move,32747511,8
975,7,160,Move,32747527,8
976,7,160,Move,32747543,8
976,6,160,Move,32747551,8
977,6,160,Move,32747591,8
977,6,161,Pressed,32747655,8
977,6,514,Released,32747735,8
977,6,512,Move,32747736,2
977,6,512,Move,32747749,2
977,6,512,Move,32747750,2
976,8,512,Move,32747767,2
974,10,512,Move,32747775,2
971,14,512,Move,32747783,2
968,18,512,Move,32747791,2
962,23,512,Move,32747799,2
954,31,512,Move,32747807,2
946,40,160,Move,32747815,25
936,49,160,Move,32747823,25
927,60,512,Move,32747831,2
914,71,512,Move,32747839,2
901,86,512,Move,32747847,2
886,100,512,Move,32747855,2
869,124,512,Move,32747863,2
861,135,160,Move,32747871,2
846,154,512,Move,32747880,2
831,175,160,Move,32747887,6
813,197,512,Move,32747895,6
794,219,512,Move,32747903,6
774,241,512,Move,32747911,6
757,265,512,Move,32747919,6
742,286,512,Move,32747927,6
730,299,512,Move,32747935,6
719,311,512,Move,32747943,6
710,321,512,Move,32747951,6
700,331,512,Move,32747959,6
689,341,512,Move,32747967,6
682,349,512,Move,32747975,6
672,355,512,Move,32747983,6
663,362,512,Move,32747991,6
652,369,512,Move,32747999,6
644,371,512,Move,32748007,6
635,376,512,Move,32748015,6
626,379,512,Move,32748023,6
617,381,512,Move,32748031,6
607,383,512,Move,32748039,6
597,383,512,Move,32748047,6
588,381,512,Move,32748055,6
583,380,512,Move,32748063,6
578,377,512,Move,32748071,6
577,376,512,Move,32748079,6
575,373,512,Move,32748087,6
574,373,512,Move,32748095,6
576,373,512,Move,32748231,6
576,372,512,Move,32748239,6
576,371,512,Move,32748247,6
576,370,512,Move,32748255,6
577,370,512,Move,32748263,6
579,368,512,Move,32748271,6
581,365,512,Move,32748279,6
584,363,512,Move,32748287,6
588,360,512,Move,32748295,6
593,356,512,Move,32748303,6
598,350,512,Move,32748311,6
602,344,512,Move,32748319,6
609,336,512,Move,32748327,6
615,327,512,Move,32748335,6
626,317,512,Move,32748343,6
636,308,512,Move,32748351,6
647,295,512,Move,32748359,6
660,283,512,Move,32748367,6
672,270,512,Move,32748375,6
683,260,512,Move,32748383,6
693,251,512,Move,32748391,6
703,242,512,Move,32748399,6
714,230,512,Move,32748407,6
725,219,512,Move,32748415,6
735,210,512,Move,32748423,6
744,199,512,Move,32748431,6
752,191,512,Move,32748439,6
760,184,512,Move,32748447,6
768,176,160,Move,32748455,6
774,168,160,Move,32748463,6
782,163,160,Move,32748471,6
788,158,160,Move,32748479,6
792,154,160,Move,32748487,6
798,150,160,Move,32748495,6
804,146,160,Move,32748503,6
810,142,160,Move,32748511,6
814,137,160,Move,32748519,6
817,136,160,Move,32748527,6
820,134,512,Move,32748535,2
823,132,512,Move,32748543,2
825,130,512,Move,32748551,2
825,129,512,Move,32748559,2
826,129,512,Move,32748567,2
825,130,512,Move,32748679,2
825,131,512,Move,32748687,2
824,131,512,Move,32748695,2
823,133,512,Move,32748703,2
821,135,512,Move,32748711,2
819,136,160,Move,32748719,6
818,139,160,Move,32748727,6
815,142,160,Move,32748735,6
810,145,160,Move,32748743,6
807,148,160,Move,32748751,6
803,152,160,Move,32748759,6
797,155,160,Move,32748767,6
794,158,160,Move,32748775,6
793,159,160,Move,32748783,6
791,160,160,Move,32748791,6
790,160,160,Move,32748799,6
791,160,160,Move,32749015,6
791,159,160,Move,32749023,6
791,158,160,Move,32749039,6
791,157,160,Move,32749055,6
791,156,160,Move,32749079,6
791,155,160,Move,32749095,6
791,154,160,Move,32749103,6
791,153,160,Move,32749135,6
791,153,161,Pressed,32749207,6
791,153,514,Released,32749279,6
791,155,512,Move,32749290,2
791,156,512,Move,32749296,2
791,157,512,Move,32749303,2
791,159,512,Move,32749311,2
791,160,512,Move,32749319,2
791,162,512,Move,32749327,2
790,163,512,Move,32749335,2
789,164,512,Move,32749343,2
788,165,512,Move,32749351,2
787,167,512,Move,32749359,2
787,169,512,Move,32749367,2
787,171,512,Move,32749375,2
786,172,512,Move,32749383,2
786,174,512,Move,32749391,2
784,176,512,Move,32749399,2
784,177,512,Move,32749407,2
782,180,512,Move,32749415,2
781,183,512,Move,32749423,2
780,185,512,Move,32749431,2
778,187,512,Move,32749439,2
778,189,512,Move,32749447,2
776,192,512,Move,32749455,2
775,193,512,Move,32749463,2
774,196,512,Move,32749471,2
773,199,512,Move,32749479,2
771,201,512,Move,32749487,2
769,203,512,Move,32749495,2
768,205,512,Move,32749503,2
766,208,512,Move,32749511,2
763,209,512,Move,32749519,2
761,211,512,Move,32749527,2
759,212,512,Move,32749535,2
758,213,512,Move,32749543,2
757,213,512,Move,32749551,2
756,214,512,Move,32749559,2
755,214,512,Move,32749903,2
754,214,512,Move,32749919,2
753,214,512,Move,32749935,2
752,214,512,Move,32749959,2
751,214,512,Move,32749983,2
750,214,512,Move,32749999,2
749,214,512,Move,32750015,2
748,214,512,Move,32750031,2
748,213,512,Move,32750119,2
748,212,512,Move,32750127,2
748,211,512,Move,32750135,2
749,210,512,Move,32750143,2
750,208,512,Move,32750151,2
752,206,512,Move,32750159,2
753,205,512,Move,32750167,2
754,203,512,Move,32750175,2
756,201,512,Move,32750183,2
757,200,512,Move,32750191,2
759,199,512,Move,32750199,2
759,198,512,Move,32750207,2
759,197,512,Move,32750215,2
759,196,512,Move,32750383,2
759,195,512,Move,32750391,2
759,193,512,Move,32750399,2
759,191,512,Move,32750407,2
759,188,512,Move,32750415,2
759,186,512,Move,32750423,2
759,184,512,Move,32750431,2
759,180,512,Move,32750439,2
759,176,512,Move,32750447,2
760,174,512,Move,32750455,2
762,170,512,Move,32750463,2
763,166,512,Move,32750471,2
765,163,512,Move,32750479,2
766,159,512,Move,32750487,2
768,155,512,Move,32750495,2
770,152,512,Move,32750503,2
773,149,512,Move,32750511,2
775,145,512,Move,32750519,2
778,142,512,Move,32750527,2
781,138,512,Move,32750535,2
784,135,512,Move,32750543,2
786,131,512,Move,32750551,2
788,128,512,Move,32750559,2
790,126,512,Move,32750567,2
792,124,512,Move,32750575,2
793,122,512,Move,32750583,2
794,120,512,Move,32750591,2
795,118,512,Move,32750599,2
796,118,512,Move,32750607,2
797,117,512,Move,32750615,2
797,116,512,Move,32750623,2
797,115,512,Move,32750639,2
797,114,512,Move,32750647,2
797,113,512,Move,32750655,2
797,112,512,Move,32750671,2
797,111,512,Move,32750679,2
797,110,512,Move,32750696,2
797,109,512,Move,32750703,2
797,108,512,Move,32750719,2
797,107,512,Move,32750727,2
797,106,512,Move,32750735,2
797,105,512,Move,32750743,2
797,104,512,Move,32750751,2
797,103,512,Move,32750759,2
797,102,512,Move,32750767,2
797,101,512,Move,32750775,2
797,100,512,Move,32750783,2
797,99,512,Move,32750807,2
798,98,512,Move,32750831,2
799,98,512,Move,32750839,2
799,97,512,Move,32750847,2
800,96,160,Move,32750855,2
801,95,160,Move,32750863,2
803,95,160,Move,32750879,2
803,94,160,Move,32750887,2
803,93,160,Move,32750895,2
803,92,160,Move,32750903,2
803,91,160,Move,32750919,2
803,90,160,Move,32750927,2
804,89,160,Move,32750951,2
804,88,160,Move,32750967,2
805,88,160,Move,32750991,2
806,87,160,Move,32751015,2
807,87,160,Move,32751047,2
808,86,160,Move,32751063,2
808,86,161,Pressed,32751135,2
808,86,514,Released,32751247,2
808,86,512,Move,32751249,2
808,86,512,Move,32751266,2
808,87,512,Move,32751287,2
808,88,512,Move,32751303,2
807,88,512,Move,32751311,2
807,89,512,Move,32751319,2
806,91,512,Move,32751327,2
805,92,512,Move,32751335,2
804,95,512,Move,32751343,2
803,97,512,Move,32751351,2
802,100,512,Move,32751359,2
800,104,512,Move,32751367,2
799,107,512,Move,32751375,2
796,113,512,Move,32751383,2
793,120,512,Move,32751391,2
790,128,512,Move,32751404,2
783,137,512,Move,32751407,2
779,147,512,Move,32751415,2
771,157,512,Move,32751423,2
764,169,512,Move,32751431,2
757,181,512,Move,32751439,2
751,194,512,Move,32751447,2
745,209,512,Move,32751455,2
740,223,512,Move,32751463,2
734,237,512,Move,32751471,2
729,249,512,Move,32751479,2
723,261,512,Move,32751487,2
718,272,512,Move,32751495,2
712,284,512,Move,32751503,2
709,294,512,Move,32751511,2
703,305,512,Move,32751519,2
699,317,512,Move,32751527,2
695,322,512,Move,32751535,2
688,334,512,Move,32751543,2
681,345,512,Move,32751551,2
675,354,512,Move,32751559,2
671,361,512,Move,32751567,2
667,369,512,Move,32751575,2
665,374,512,Move,32751583,2
663,377,512,Move,32751591,2
662,381,512,Move,32751599,2
660,385,512,Move,32751607,2
657,388,512,Move,32751615,2
654,394,512,Move,32751623,2
651,397,512,Move,32751631,2
646,401,512,Move,32751639,2
640,407,512,Move,32751647,2
636,412,512,Move,32751655,2
632,418,512,Move,32751663,2
628,422,512,Move,32751671,2
623,427,512,Move,32751679,2
618,431,512,Move,32751687,2
616,434,512,Move,32751695,2
610,439,512,Move,32751703,2
605,442,512,Move,32751711,2
601,447,512,Move,32751719,2
595,450,512,Move,32751727,2
591,452,512,Move,32751735,2
588,455,512,Move,32751743,2
585,456,512,Move,32751751,2
582,457,512,Move,32751759,2
581,458,512,Move,32751767,2
578,458,512,Move,32751775,2
576,458,512,Move,32751783,2
575,457,512,Move,32751791,2
574,457,512,Move,32751799,2
573,457,512,Move,32752039,2
572,457,512,Move,32752047,2
571,457,512,Move,32752055,2
569,455,512,Move,32752063,2
568,454,512,Move,32752087,2
567,454,512,Move,32752095,2
566,454,512,Move,32752104,2
565,454,512,Move,32752111,2
564,453,512,Move,32752119,2
563,453,512,Move,32752127,2
561,453,512,Move,32752135,2
560,453,512,Move,32752143,2
559,453,512,Move,32752151,2
557,452,512,Move,32752159,2
556,452,512,Move,32752167,2
555,452,512,Move,32752175,2
555,451,512,Move,32752183,2
555,451,516,Pressed,32752256,2
555,451,512,Move,32752278,2
555,451,517,Released,32752344,2
555,451,512,Move,32752347,2
555,451,512,Move,32752348,2
555,452,512,Move,32752447,2
555,452,512,Move,32752447,2
556,454,512,Move,32752455,2
556,454,512,Move,32752455,2
558,457,512,Move,32752463,2
558,457,512,Move,32752463,2
561,460,512,Move,32752471,2
561,460,512,Move,32752471,2
564,463,512,Move,32752479,2
564,463,512,Move,32752479,2
566,466,512,Move,32752487,2
566,466,512,Move,32752487,2
567,469,512,Move,32752495,2
567,469,512,Move,32752495,2
570,471,512,Move,32752503,2
570,471,512,Move,32752503,2
572,476,512,Move,32752511,2
572,476,512,Move,32752511,2
574,477,512,Move,32752519,2
574,477,512,Move,32752519,2
576,479,512,Move,32752527,2
576,479,512,Move,32752527,2
577,481,512,Move,32752535,2
577,481,512,Move,32752535,2
577,482,512,Move,32752543,2
577,482,512,Move,32752543,2
578,482,512,Move,32752551,2
578,482,512,Move,32752551,2
578,483,512,Move,32752567,2
578,483,512,Move,32752568,2
578,483,513,Pressed,32752799,2
578,483,513,Pressed,32752799,2
578,483,513,Pressed,32752800,2
578,483,514,Released,32752959,2
578,483,514,Released,32752959,2
578,483,512,Move,32752961,2
578,483,512,Move,32753047,2
578,484,512,Move,32753087,2
577,485,512,Move,32753103,2
577,487,512,Move,32753111,2
576,488,512,Move,32753119,2
575,491,512,Move,32753127,2
574,493,512,Move,32753135,2
574,496,512,Move,32753143,2
573,499,512,Move,32753151,2
573,503,512,Move,32753159,2
572,507,512,Move,32753167,2
571,511,512,Move,32753175,2
571,516,512,Move,32753183,2
570,520,512,Move,32753191,2
569,524,512,Move,32753199,2
567,529,512,Move,32753207,2
567,532,512,Move,32753215,2
566,535,512,Move,32753223,2
566,538,512,Move,32753231,2
566,541,512,Move,32753239,2
566,542,512,Move,32753247,2
566,544,512,Move,32753255,2
566,545,512,Move,32753263,2
566,544,512,Move,32753503,2
565,544,512,Move,32753527,2
565,543,512,Move,32753535,2
565,542,512,Move,32753551,2
565,541,512,Move,32753559,2
565,540,512,Move,32753591,2
565,539,512,Move,32753703,2
565,538,512,Move,32753767,2
565,537,512,Move,32753815,2
565,536,512,Move,32753855,2
565,535,512,Move,32753863,2
566,533,512,Move,32753879,2
569,530,512,Move,32753887,2
571,527,512,Move,32753895,2
575,522,512,Move,32753903,2
580,514,512,Move,32753911,2
587,505,512,Move,32753919,2
595,494,512,Move,32753927,2
605,480,512,Move,32753935,2
616,466,512,Move,32753943,2
630,445,512,Move,32753951,2
648,424,512,Move,32753959,2
664,402,512,Move,32753967,2
687,377,512,Move,32753975,2
711,351,512,Move,32753983,2
734,329,512,Move,32753991,2
756,306,512,Move,32753999,2
779,283,512,Move,32754007,2
795,267,512,Move,32754015,2
811,253,512,Move,32754023,2
822,242,512,Move,32754031,2
833,231,512,Move,32754039,2
840,223,512,Move,32754047,2
845,216,512,Move,32754055,2
850,211,512,Move,32754063,2
852,207,512,Move,32754071,2
855,203,512,Move,32754079,2
857,201,512,Move,32754087,2
858,199,512,Move,32754095,2
859,199,512,Move,32754103,2
859,197,512,Move,32754111,2
861,196,512,Move,32754119,2
862,195,512,Move,32754127,2
864,193,512,Move,32754135,2
866,192,512,Move,32754143,2
868,190,512,Move,32754151,2
870,188,512,Move,32754159,2
872,187,512,Move,32754167,2
875,185,512,Move,32754175,2
877,183,512,Move,32754183,2
879,181,512,Move,32754191,2
882,179,512,Move,32754199,2
885,177,512,Move,32754207,2
886,176,512,Move,32754215,2
888,175,512,Move,32754223,2
890,173,512,Move,32754231,2
891,173,512,Move,32754239,2
892,171,512,Move,32754247,2
893,170,512,Move,32754255,2
893,169,512,Move,32754263,2
894,168,512,Move,32754279,2
894,167,512,Move,32754287,2
895,166,512,Move,32754295,2
896,164,512,Move,32754303,2
898,162,512,Move,32754311,2
900,160,512,Move,32754319,2
901,159,512,Move,32754327,2
902,157,512,Move,32754335,2
904,156,512,Move,32754343,2
905,155,512,Move,32754351,2
906,155,512,Move,32754359,2
908,154,512,Move,32754367,2
910,152,512,Move,32754375,2
910,151,512,Move,32754383,2
912,151,512,Move,32754391,2
914,149,512,Move,32754399,2
915,148,512,Move,32754407,2
917,147,512,Move,32754415,2
919,145,512,Move,32754423,2
921,143,512,Move,32754431,2
923,142,512,Move,32754439,2
925,140,512,Move,32754447,2
928,139,512,Move,32754455,2
929,137,512,Move,32754463,2
930,135,512,Move,32754471,2
931,134,512,Move,32754479,2
931,133,512,Move,32754487,2
931,132,512,Move,32754495,2
931,131,512,Move,32754503,2
931,129,512,Move,32754511,2
931,128,512,Move,32754519,2
932,127,512,Move,32754527,2
932,125,512,Move,32754535,2
932,122,512,Move,32754551,2
933,122,512,Move,32754559,2
933,120,512,Move,32754567,2
933,119,512,Move,32754575,2
934,119,512,Move,32754583,2
934,118,512,Move,32754591,2
934,117,512,Move,32754599,2
934,116,512,Move,32754607,2
934,115,512,Move,32754615,2
934,114,512,Move,32754623,2
934,113,512,Move,32754631,2
934,112,512,Move,32754639,2
934,111,512,Move,32754647,2
934,110,512,Move,32754663,2
934,109,512,Move,32754671,2
934,108,512,Move,32754679,2
934,107,512,Move,32754695,2
934,106,512,Move,32754703,2
934,105,512,Move,32754719,2
934,104,512,Move,32754727,2
934,103,512,Move,32754735,2
934,102,512,Move,32754751,2
934,101,512,Move,32754759,2
934,99,512,Move,32754775,2
934,98,512,Move,32754783,2
934,97,512,Move,32754799,2
934,95,512,Move,32754807,2
934,94,512,Move,32754815,2
934,93,512,Move,32754823,2
934,92,512,Move,32754831,2
934,90,512,Move,32754839,2
934,88,512,Move,32754847,2
934,87,512,Move,32754855,2
934,85,512,Move,32754863,2
934,83,512,Move,32754871,2
934,80,512,Move,32754879,2
934,77,512,Move,32754887,2
934,76,512,Move,32754895,2
934,72,512,Move,32754903,2
934,70,512,Move,32754911,2
934,67,512,Move,32754919,2
934,64,512,Move,32754927,2
934,61,512,Move,32754935,2
934,59,512,Move,32754943,2
934,56,512,Move,32754951,2
934,53,160,Move,32754959,25
934,52,160,Move,32754967,25
934,50,160,Move,32754975,25
934,48,160,Move,32754983,25
934,47,160,Move,32754991,25
934,46,160,Move,32754999,25
934,45,160,Move,32755007,25
934,44,160,Move,32755015,25
934,43,160,Move,32755023,25
934,42,160,Move,32755031,25
934,41,160,Move,32755064,25
934,41,160,Move,32755065,25
934,41,160,Move,32755097,25
934,41,160,Move,32755098,25
934,41,161,Pressed,32755176,25
934,41,512,Move,32755178,25
934,41,514,Released,32755271,25
934,41,160,Move,32755274,25
934,41,160,Move,32755274,25
934,41,163,Unknown(163),32755383,25
934,41,160,Move,32755431,25
934,41,160,Move,32755432,25
934,41,162,Released,32755535,25
932,42,160,Move,32755575,25
931,43,160,Move,32755583,25
930,44,160,Move,32755591,25
928,46,160,Move,32755599,25
925,49,160,Move,32755607,25
920,53,160,Move,32755615,25
914,60,512,Move,32755623,25
907,67,512,Move,32755631,25
897,78,512,Move,32755639,25
886,88,512,Move,32755647,25
873,101,512,Move,32755655,25
860,115,512,Move,32755663,25
844,131,512,Move,32755671,25
822,152,512,Move,32755679,25
799,174,512,Move,32755687,25
799,174,512,Move,32755688,25
774,198,160,Move,32755695,25
750,224,512,Move,32755704,25
727,246,512,Move,32755711,25
705,267,512,Move,32755719,25
686,284,512,Move,32755727,25
675,296,512,Move,32755735,25
660,310,512,Move,32755743,25
649,322,512,Move,32755751,25
640,332,512,Move,32755759,25
630,340,512,Move,32755767,25
623,347,512,Move,32755775,25
616,355,512,Move,32755783,25
609,361,512,Move,32755791,25
602,369,512,Move,32755799,25
596,374,512,Move,32755807,25
592,378,512,Move,32755815,25
590,380,512,Move,32755823,25
589,382,512,Move,32755831,25
587,384,512,Move,32755839,25
585,386,512,Move,32755847,25
581,390,512,Move,32755861,25
581,390,512,Move,32755861,25
578,391,512,Move,32755863,25
576,394,512,Move,32755871,25
573,395,512,Move,32755879,25
570,398,512,Move,32755887,25
566,401,512,Move,32755895,25
561,405,512,Move,32755903,25
557,408,512,Move,32755911,25
554,410,512,Move,32755919,25
552,411,160,Move,32755927,25
551,412,160,Move,32755935,25
548,414,160,Move,32755943,25
545,416,160,Move,32755951,25
542,419,160,Move,32755959,25
539,421,160,Move,32755967,25
537,423,160,Move,32755975,25
534,426,160,Move,32755983,25
531,427,160,Move,32755991,25
529,429,512,Move,32755999,25
526,430,512,Move,32756008,25
526,430,512,Move,32756009,25
526,431,512,Move,32756015,25
524,431,512,Move,32756023,25
523,431,512,Move,32756031,25
522,431,512,Move,32756039,25
520,431,512,Move,32756047,25
519,432,160,Move,32756055,25
517,432,160,Move,32756063,25
476,420,160,Move,32756165,25
476,420,160,Move,32756165,25
475,418,160,Move,32756170,25
475,418,160,Move,32756171,25
473,417,160,Move,32756175,25
471,415,160,Move,32756183,25
470,414,160,Move,32756191,25
470,413,160,Move,32756207,25
470,413,161,Pressed,32756399,25
469,413,512,Move,32756543,25
468,413,512,Move,32756556,25
464,413,512,Move,32756570,25
457,413,512,Move,32756584,25
454,413,512,Move,32756597,25
444,413,512,Move,32756612,25
435,413,512,Move,32756626,25
423,413,512,Move,32756640,25
416,413,512,Move,32756654,25
407,412,512,Move,32756667,25
401,412,512,Move,32756681,25
397,412,512,Move,32756696,25
388,412,512,Move,32756710,25
380,412,512,Move,32756724,25
375,412,512,Move,32756738,25
371,412,512,Move,32756751,25
369,412,512,Move,32756759,25
368,412,512,Move,32756767,25
366,412,512,Move,32756775,25
365,412,512,Move,32756791,25
364,412,512,Move,32756799,25
363,412,512,Move,32756807,25
362,412,512,Move,32756855,25
362,412,514,Released,32757223,25
362,412,160,Move,32757224,25
362,412,160,Move,32757224,25
362,412,161,Pressed,32757271,25
362,412,512,Move,32757420,25
362,412,512,Move,32757421,25
362,412,512,Move,32757421,25
362,412,512,Move,32757422,25
362,412,512,Move,32757423,25
362,412,512,Move,32757423,25
362,412,512,Move,32757424,25
362,412,514,Released,32757483,25
362,412,160,Move,32757483,25
362,412,160,Move,32757484,25
362,412,163,Unknown(163),32757519,25
362,412,512,Move,32758884,25
362,412,512,Move,32758888,25
362,412,512,Move,32758914,25
362,412,512,Move,32758914,25
362,412,512,Move,32758915,25
362,412,512,Move,32758924,25
362,412,512,Move,32758924,25
362,412,512,Move,32758925,25
362,412,512,Move,32758926,25
362,412,512,Move,32758927,25
363,412,512,Move,32759951,25
364,412,512,Move,32759964,25
367,412,512,Move,32759978,25
370,412,512,Move,32759992,25
371,412,512,Move,32760006,25
372,412,512,Move,32760019,25
372,412,512,Move,32760033,25
372,412,514,Released,32760319,25
372,412,160,Move,32760320,25
372,412,160,Move,32760320,25
372,412,160,Move,32760334,25
373,412,160,Move,32760335,25
373,412,160,Move,32760338,25
373,412,160,Move,32760338,25
373,412,160,Move,32760339,25
373,412,160,Move,32760340,25
374,412,160,Move,32760343,25
376,412,160,Move,32760359,25
377,412,160,Move,32760367,25
378,412,160,Move,32760375,25
380,412,160,Move,32760383,25
381,412,160,Move,32760391,25
384,412,160,Move,32760399,25
387,412,160,Move,32760407,25
390,411,160,Move,32760415,25
393,410,512,Move,32760430,25
393,410,512,Move,32760430,25
397,409,512,Move,32760431,25
397,409,512,Move,32760432,25
404,407,512,Move,32760439,25
413,405,512,Move,32760447,25
413,405,512,Move,32760448,25
423,402,512,Move,32760455,25
439,398,512,Move,32760463,25
483,385,512,Move,32760480,25
483,385,512,Move,32760480,25
511,374,512,Move,32760487,25
549,361,512,Move,32760495,25
591,346,512,Move,32760503,25
633,328,512,Move,32760511,25
681,310,512,Move,32760519,25
720,293,512,Move,32760527,25
759,275,512,Move,32760535,25
792,257,512,Move,32760543,25
822,239,512,Move,32760551,25
843,225,512,Move,32760559,25
857,213,512,Move,32760567,25
870,203,512,Move,32760579,25
882,195,160,Move,32760583,25
890,186,160,Move,32760591,25
890,186,160,Move,32760592,25
898,177,512,Move,32760599,25
905,167,512,Move,32760607,25
911,160,512,Move,32760615,25
916,154,512,Move,32760623,25
921,146,512,Move,32760631,25
923,141,512,Move,32760639,25
924,135,512,Move,32760649,25
924,135,512,Move,32760650,25
928,131,512,Move,32760655,25
930,125,512,Move,32760663,25
932,121,512,Move,32760671,25
934,115,512,Move,32760679,25
936,110,512,Move,32760687,25
940,105,512,Move,32760695,25
942,100,512,Move,32760703,25
945,95,512,Move,32760711,25
948,93,512,Move,32760721,25
948,93,512,Move,32760721,25
952,87,512,Move,32760727,25
955,82,512,Move,32760735,25
958,78,512,Move,32760743,25
961,74,512,Move,32760751,25
963,71,512,Move,32760759,25
965,68,512,Move,32760767,25
967,66,512,Move,32760775,25
968,65,512,Move,32760785,25
968,65,512,Move,32760785,25
969,64,512,Move,32760791,25
970,62,512,Move,32760799,25
972,60,512,Move,32760807,25
973,59,512,Move,32760815,25
976,58,512,Move,32760831,25
978,57,512,Move,32760839,25
981,56,512,Move,32760847,25
987,53,512,Move,32760866,2
996,49,512,Move,32760901,2
997,47,512,Move,32760960,2
996,47,512,Move,32760975,2
995,47,512,Move,32760983,2
994,47,512,Move,32760991,2
993,47,512,Move,32760999,2
990,47,512,Move,32761007,2
988,47,512,Move,32761025,2
987,47,512,Move,32761031,2
985,47,160,Move,32761039,25
984,46,160,Move,32761047,25
983,46,160,Move,32761063,25
982,45,160,Move,32761071,25
982,44,160,Move,32761079,25
981,44,160,Move,32761087,25
981,43,160,Move,32761111,25
980,43,160,Move,32761127,25
980,42,160,Move,32761151,25
980,41,160,Move,32761181,25
980,41,160,Move,32761181,25
980,40,160,Move,32761183,25
980,39,160,Move,32761207,25
980,38,160,Move,32761223,25
980,38,161,Pressed,32761287,25
980,38,514,Released,32761383,25
980,38,512,Move,32761390,2
979,38,512,Move,32761407,2
978,38,512,Move,32761415,2
977,39,512,Move,32761423,2
975,40,512,Move,32761431,2
972,41,512,Move,32761439,2
968,44,512,Move,32761447,2
964,47,512,Move,32761456,2
957,53,512,Move,32761463,2
950,58,512,Move,32761471,2
942,65,512,Move,32761479,2
933,71,512,Move,32761487,2
924,79,512,Move,32761495,2
911,89,512,Move,32761503,2
899,102,512,Move,32761511,2
885,116,512,Move,32761519,2
869,132,512,Move,32761527,2
847,155,512,Move,32761535,2
824,178,512,Move,32761543,2
811,189,512,Move,32761551,2
791,211,512,Move,32761560,2
767,237,512,Move,32761567,2
742,268,512,Move,32761575,2
725,292,512,Move,32761583,2
704,326,512,Move,32761591,2
686,359,512,Move,32761599,2
666,399,512,Move,32761607,2
647,435,512,Move,32761615,2
633,467,512,Move,32761623,2
615,497,512,Move,32761631,2
601,529,512,Move,32761639,2
590,551,512,Move,32761647,2
584,572,512,Move,32761655,2
580,589,512,Move,32761663,2
577,606,512,Move,32761671,2
576,619,512,Move,32761679,2
576,631,512,Move,32761687,2
576,642,512,Move,32761695,2
576,656,512,Move,32761703,2
574,666,512,Move,32761711,2
573,674,512,Move,32761719,2
571,682,512,Move,32761727,2
567,691,512,Move,32761735,2
563,701,512,Move,32761743,2
558,710,512,Move,32761751,2
554,721,512,Move,32761759,2
551,728,512,Move,32761767,2
549,735,512,Move,32761775,2
548,741,160,Move,32761783,2
547,744,512,Move,32761791,2
546,748,512,Move,32761799,2
546,752,512,Move,32761807,2
546,755,512,Move,32761815,2
545,757,512,Move,32761823,2
545,760,512,Move,32761831,2
545,763,512,Move,32761839,2
545,765,160,Move,32761847,2
545,767,160,Move,32761855,2
546,767,160,Move,32761887,2
548,767,160,Move,32761895,2
549,767,160,Move,32761903,2
551,767,160,Move,32761911,2
555,767,160,Move,32761919,2
558,767,160,Move,32761927,2
563,767,160,Move,32761935,2
568,767,160,Move,32761943,2
573,764,160,Move,32761951,2
579,762,512,Move,32761959,2
585,761,512,Move,32761967,2
592,757,512,Move,32761975,2
598,754,512,Move,32761983,2
604,750,512,Move,32761991,2
611,749,512,Move,32761999,2
616,747,512,Move,32762007,2
623,746,512,Move,32762015,2
630,744,512,Move,32762023,2
637,743,512,Move,32762031,2
644,743,512,Move,32762039,2
649,743,512,Move,32762047,2
654,743,512,Move,32762055,2
658,743,512,Move,32762063,2
663,744,160,Move,32762071,2
667,744,512,Move,32762079,2
673,746,512,Move,32762087,2
678,746,512,Move,32762095,2
682,746,512,Move,32762103,2
687,748,512,Move,32762111,2
694,749,512,Move,32762119,2
701,750,512,Move,32762127,2
708,750,512,Move,32762135,2
715,750,512,Move,32762143,2
720,750,512,Move,32762151,2
725,750,512,Move,32762159,2
730,750,512,Move,32762167,2
734,749,512,Move,32762175,2
738,749,512,Move,32762183,2
739,748,512,Move,32762191,2
741,748,512,Move,32762199,2
741,747,512,Move,32762207,2
741,747,513,Pressed,32762279,2
741,747,512,Move,32762280,2
741,747,514,Released,32762367,2
741,747,512,Move,32762368,2
741,747,512,Move,32762369,2
741,747,512,Move,32762371,2
741,747,512,Move,32762372,2
740,747,512,Move,32762383,2
739,747,512,Move,32762407,2
738,747,512,Move,32762455,2
737,747,512,Move,32762487,2
735,746,512,Move,32762495,2
733,744,512,Move,32762503,2
730,743,512,Move,32762511,2
727,742,512,Move,32762519,2
723,740,160,Move,32762527,2
720,737,512,Move,32762535,8
713,732,512,Move,32762543,8
707,727,512,Move,32762551,8
698,721,512,Move,32762559,8
688,711,512,Move,32762567,8
679,702,512,Move,32762575,8
671,691,512,Move,32762583,8
661,679,512,Move,32762591,8
651,665,512,Move,32762599,8
641,652,512,Move,32762607,8
629,633,512,Move,32762615,8
617,613,512,Move,32762623,8
603,590,512,Move,32762631,8
593,568,512,Move,32762639,8
582,542,512,Move,32762647,8
570,514,512,Move,32762655,8
559,486,512,Move,32762663,8
548,457,512,Move,32762671,8
537,435,512,Move,32762679,8
528,416,512,Move,32762687,8
516,396,512,Move,32762695,8
507,380,512,Move,32762703,8
498,366,512,Move,32762711,8
488,352,512,Move,32762719,8
478,341,512,Move,32762727,8
469,331,512,Move,32762735,8
459,322,512,Move,32762743,8
450,315,512,Move,32762751,8
439,309,512,Move,32762759,8
438,307,512,Move,32762767,8
437,306,512,Move,32762775,8
437,305,512,Move,32763015,8
436,305,512,Move,32763023,8
434,303,512,Move,32763031,8
432,301,512,Move,32763039,8
430,299,512,Move,32763047,8
425,296,512,Move,32763055,8
419,290,512,Move,32763063,8
412,282,512,Move,32763071,8
404,277,512,Move,32763079,8
395,269,512,Move,32763087,8
386,263,512,Move,32763095,8
376,256,512,Move,32763103,8
367,247,512,Move,32763111,8
358,239,512,Move,32763119,8
348,228,512,Move,32763127,8
337,220,512,Move,32763135,8
326,210,512,Move,32763143,8
317,199,512,Move,32763151,8
306,190,512,Move,32763159,8
296,180,512,Move,32763167,8
287,171,512,Move,32763175,8
278,161,512,Move,32763183,8
270,154,512,Move,32763191,8
262,146,512,Move,32763199,8
256,138,512,Move,32763207,8
250,132,512,Move,32763215,8
245,126,512,Move,32763223,8
242,122,512,Move,32763231,8
242,122,512,Move,32763234,8
238,117,512,Move,32763239,8
235,115,512,Move,32763247,8
234,112,512,Move,32763255,8
232,109,512,Move,32763263,8
230,106,512,Move,32763271,8
228,104,512,Move,32763279,8
226,102,512,Move,32763287,8
223,100,512,Move,32763295,8
222,98,512,Move,32763303,8
221,96,512,Move,32763311,8
219,94,512,Move,32763319,8
217,94,512,Move,32763327,8
216,92,512,Move,32763335,8
215,90,512,Move,32763343,8
214,87,512,Move,32763351,8
212,86,512,Move,32763359,8
211,84,512,Move,32763367,8
209,83,512,Move,32763375,8
208,81,512,Move,32763383,8
208,79,512,Move,32763391,8
207,78,512,Move,32763399,8
206,77,512,Move,32763407,8
205,76,512,Move,32763415,8
204,75,512,Move,32763431,8
203,74,512,Move,32763439,8
203,73,512,Move,32763455,8
202,73,512,Move,32763463,8
202,72,512,Move,32763471,8
202,71,512,Move,32763479,8
201,70,512,Move,32763487,8
201,69,512,Move,32763495,8
201,67,512,Move,32763503,8
201,66,512,Move,32763511,8
201,64,512,Move,32763519,8
201,63,512,Move,32763527,8
201,61,512,Move,32763535,8
201,59,512,Move,32763551,8
201,57,512,Move,32763559,8
201,55,512,Move,32763575,8
201,54,512,Move,32763583,8
201,53,512,Move,32763599,8
201,52,512,Move,32763607,8
201,51,512,Move,32763623,8
201,50,512,Move,32763631,8
201,49,512,Move,32763639,8
201,48,512,Move,32763655,8
201,47,512,Move,32763663,8
201,46,512,Move,32763671,8
201,45,512,Move,32763687,8
202,43,512,Move,32763695,8
203,41,512,Move,32763703,8
206,39,512,Move,32763714,8
208,36,512,Move,32763719,8
209,34,512,Move,32763727,8
212,33,512,Move,32763735,8
214,32,512,Move,32763743,8
215,31,512,Move,32763751,8
215,30,512,Move,32763759,8
216,30,512,Move,32763767,8
216,30,513,Pressed,32763879,8
216,30,514,Released,32764221,8
214,51,512,Move,32764225,8
214,54,512,Move,32764234,8
214,56,512,Move,32764242,8
214,60,512,Move,32764247,8
214,61,512,Move,32764255,8
214,64,512,Move,32764263,8
214,67,512,Move,32764271,8
214,69,512,Move,32764279,8
214,72,512,Move,32764287,8
214,75,512,Move,32764295,8
214,77,512,Move,32764303,8
214,80,512,Move,32764311,8
214,83,512,Move,32764319,8
214,85,512,Move,32764327,8
214,87,512,Move,32764335,8
214,88,512,Move,32764343,8
214,91,512,Move,32764351,8
214,93,512,Move,32764359,8
214,94,512,Move,32764367,8
214,96,512,Move,32764375,8
214,98,512,Move,32764383,8
214,100,512,Move,32764391,8
214,103,512,Move,32764399,8
214,106,512,Move,32764407,8
214,111,512,Move,32764415,8
215,116,512,Move,32764423,8
216,123,512,Move,32764431,8
217,130,512,Move,32764439,8
218,134,512,Move,32764447,8
219,139,512,Move,32764455,8
220,145,512,Move,32764463,8
223,153,512,Move,32764485,8
227,160,512,Move,32764487,8
234,176,512,Move,32764507,8
239,184,512,Move,32764512,8
243,189,512,Move,32764519,8
247,195,512,Move,32764527,8
252,201,512,Move,32764535,8
255,207,512,Move,32764543,8
257,213,512,Move,32764551,8
259,217,512,Move,32764559,8
262,221,512,Move,32764567,8
264,225,512,Move,32764575,8
267,230,512,Move,32764583,8
269,232,512,Move,32764591,8
272,235,512,Move,32764599,8
274,237,512,Move,32764607,8
276,240,512,Move,32764615,8
277,241,512,Move,32764623,8
277,242,512,Move,32764631,8
277,243,512,Move,32764639,8
277,244,512,Move,32764647,8
278,244,512,Move,32764655,8
278,246,512,Move,32764663,8
278,247,512,Move,32764671,8
279,247,512,Move,32764679,8
280,249,512,Move,32764687,8
280,250,512,Move,32764695,8
282,252,512,Move,32764703,8
284,254,512,Move,32764711,8
286,257,512,Move,32764719,8
289,259,512,Move,32764727,8
290,262,512,Move,32764735,8
292,265,512,Move,32764743,8
295,269,512,Move,32764751,8
297,272,512,Move,32764759,8
300,276,512,Move,32764767,8
301,278,512,Move,32764775,8
303,281,512,Move,32764783,8
305,283,512,Move,32764791,8
307,285,512,Move,32764799,8
309,288,512,Move,32764807,8
310,291,512,Move,32764815,8
311,293,512,Move,32764823,8
312,295,512,Move,32764831,8
314,298,512,Move,32764839,8
315,301,512,Move,32764847,8
316,304,512,Move,32764855,8
317,307,512,Move,32764863,8
318,310,512,Move,32764871,8
319,312,512,Move,32764879,8
320,315,512,Move,32764887,8
320,317,512,Move,32764895,8
320,320,512,Move,32764903,8
320,323,512,Move,32764911,8
320,325,512,Move,32764919,8
320,329,512,Move,32764927,8
320,333,512,Move,32764935,8
320,336,512,Move,32764943,8
320,339,512,Move,32764951,8
320,343,512,Move,32764959,8
319,346,512,Move,32764967,8
315,350,512,Move,32764975,8
315,352,512,Move,32764983,8
314,352,512,Move,32765279,8
313,352,512,Move,32765295,8
312,353,512,Move,32765303,8
312,354,512,Move,32765311,8
312,355,512,Move,32765335,8
312,357,512,Move,32765343,8
312,359,512,Move,32765351,8
312,362,512,Move,32765359,8
312,365,512,Move,32765367,8
312,369,512,Move,32765375,8
312,371,512,Move,32765383,8
312,375,512,Move,32765391,8
313,378,512,Move,32765399,8
315,381,512,Move,32765407,8
316,383,512,Move,32765415,8
317,386,512,Move,32765423,8
318,389,512,Move,32765431,8
319,392,512,Move,32765439,8
320,393,512,Move,32765447,8
321,395,512,Move,32765455,8
321,397,512,Move,32765463,8
321,398,512,Move,32765471,8
321,399,512,Move,32765479,8
321,400,512,Move,32765487,8
321,401,512,Move,32765503,8
321,402,512,Move,32765511,8
321,403,512,Move,32765527,8
321,404,512,Move,32765535,8
321,405,512,Move,32765543,8
321,406,512,Move,32765575,8
321,407,512,Move,32765583,8
321,408,512,Move,32765599,8
321,409,512,Move,32765607,8
321,410,512,Move,32765615,8
321,412,512,Move,32765623,8
321,415,512,Move,32765631,8
322,416,512,Move,32765639,8
324,418,512,Move,32765647,8
324,421,512,Move,32765655,8
324,423,512,Move,32765663,8
325,424,512,Move,32765671,8
326,426,512,Move,32765679,8
327,428,512,Move,32765687,8
329,429,512,Move,32765695,8
329,430,512,Move,32765703,8
330,432,512,Move,32765711,8
331,434,512,Move,32765719,8
332,434,512,Move,32765727,8
332,436,512,Move,32765735,8
332,438,512,Move,32765743,8
333,438,512,Move,32765751,8
333,439,512,Move,32765759,8
333,440,512,Move,32765767,8
333,441,512,Move,32765783,8
333,442,512,Move,32765887,8
333,442,512,Move,32766168,8
334,442,512,Move,32766431,8
335,442,512,Move,32766439,8
337,442,512,Move,32766447,8
339,442,512,Move,32766455,8
340,442,512,Move,32766463,8
342,442,512,Move,32766471,8
344,442,512,Move,32766479,8
345,442,512,Move,32766487,8
347,442,512,Move,32766495,8
348,442,512,Move,32766503,8
350,442,512,Move,32766511,8
352,442,512,Move,32766519,8
354,442,512,Move,32766527,8
356,442,512,Move,32766535,8
359,442,512,Move,32766543,8
361,442,512,Move,32766551,8
364,442,512,Move,32766559,8
367,442,512,Move,32766567,8
369,442,512,Move,32766575,8
373,442,512,Move,32766583,8
377,442,512,Move,32766591,8
381,442,512,Move,32766599,8
383,442,512,Move,32766607,8
387,442,512,Move,32766615,8
391,442,512,Move,32766623,8
395,442,512,Move,32766631,8
398,442,512,Move,32766639,8
401,442,512,Move,32766647,8
405,442,512,Move,32766655,8
407,442,512,Move,32766663,8
411,442,512,Move,32766671,8
415,442,512,Move,32766679,8
418,442,512,Move,32766687,8
421,442,512,Move,32766695,8
425,442,512,Move,32766703,8
429,441,512,Move,32766711,8
434,439,512,Move,32766719,8
438,438,512,Move,32766727,8
443,438,512,Move,32766735,8
449,436,512,Move,32766743,8
454,435,512,Move,32766751,8
458,435,512,Move,32766759,8
462,435,512,Move,32766767,8
464,435,512,Move,32766775,8
467,434,512,Move,32766783,8
470,434,512,Move,32766791,8
473,434,512,Move,32766799,8
476,434,512,Move,32766807,8
478,434,512,Move,32766815,8
479,433,512,Move,32766823,8
481,433,512,Move,32766831,8
484,432,512,Move,32766839,8
485,432,512,Move,32766847,8
487,431,512,Move,32766855,8
491,431,512,Move,32766863,8
492,431,512,Move,32766871,8
495,430,512,Move,32766879,8
501,429,512,Move,32766900,8
503,429,512,Move,32766903,8
510,428,512,Move,32766922,8
513,428,512,Move,32766927,8
517,427,512,Move,32766935,8
521,427,512,Move,32766943,8
525,425,512,Move,32766951,8
530,425,512,Move,32766959,8
536,423,512,Move,32766967,8
539,422,512,Move,32766975,8
543,421,512,Move,32766983,8
547,421,512,Move,32766991,8
551,420,512,Move,32766999,8
556,418,512,Move,32767007,8
559,417,512,Move,32767015,8
563,415,512,Move,32767023,8
566,414,512,Move,32767031,8
569,413,512,Move,32767039,8
570,412,512,Move,32767047,8
572,411,512,Move,32767055,8
573,411,512,Move,32767063,8
574,410,512,Move,32767071,8
574,413,512,Move,32767687,8
574,417,512,Move,32767708,8
574,420,512,Move,32767711,8
574,422,512,Move,32767719,8
574,425,512,Move,32767727,8
574,428,512,Move,32767735,8
574,431,512,Move,32767743,8
574,440,512,Move,32767764,8
575,446,512,Move,32767767,8
575,451,512,Move,32767775,8
575,461,512,Move,32767796,8
575,465,512,Move,32767799,8
575,471,512,Move,32767807,8
571,485,512,Move,32767827,8
570,496,512,Move,32767831,8
567,511,512,Move,32767852,8
566,520,512,Move,32767855,8
564,534,512,Move,32767874,8
562,548,512,Move,32767895,8
562,553,512,Move,32767898,8
562,566,512,Move,32767917,8
562,575,512,Move,32767922,8
562,593,512,Move,32767941,8
562,602,512,Move,32767944,8
563,617,512,Move,32767965,8
564,624,512,Move,32767968,8
567,637,512,Move,32767989,8
568,644,512,Move,32767991,8
570,653,512,Move,32768013,8
572,657,512,Move,32768015,8
574,660,512,Move,32768023,8
575,663,512,Move,32768044,8
575,664,512,Move,32768047,8
575,665,512,Move,32768199,8
575,666,512,Move,32768207,8
575,669,512,Move,32768215,8
577,672,512,Move,32768223,8
578,675,512,Move,32768231,8
579,678,512,Move,32768239,8
580,686,512,Move,32768260,8
580,689,512,Move,32768263,8
582,693,512,Move,32768271,8
582,697,512,Move,32768279,8
584,702,512,Move,32768300,8
585,705,512,Move,32768303,8
586,707,512,Move,32768311,8
586,708,512,Move,32768319,8
586,710,512,Move,32768327,8
586,711,512,Move,32768343,8
586,712,512,Move,32768351,8
586,713,512,Move,32768375,8
586,714,512,Move,32768383,8
586,715,512,Move,32768399,8
586,716,512,Move,32768420,8
586,717,512,Move,32768431,8
586,718,512,Move,32768447,8
586,719,512,Move,32768455,8
586,720,512,Move,32768511,8
586,721,512,Move,32768527,8
586,721,513,Pressed,32768703,8
586,721,514,Released,32768815,8
586,721,512,Move,32768838,8
586,720,512,Move,32769063,8
586,719,512,Move,32769095,8
586,718,512,Move,32769119,8
586,717,512,Move,32769167,8
585,717,512,Move,32769175,8
585,716,512,Move,32769215,8
585,715,512,Move,32769295,8
585,714,512,Move,32769359,8
585,713,512,Move,32769471,8
585,712,512,Move,32769519,8
585,711,512,Move,32769727,8
585,710,512,Move,32769751,8
585,709,512,Move,32769807,8
585,708,512,Move,32769831,8
585,707,512,Move,32769879,8
585,706,512,Move,32769911,8
585,705,512,Move,32769951,8
585,704,512,Move,32770104,8
585,703,512,Move,32770343,8
585,702,512,Move,32770399,8
585,701,512,Move,32770799,8
585,700,512,Move,32770839,8
585,699,512,Move,32770887,8
585,698,512,Move,32771031,8
585,697,512,Move,32771052,8
584,695,512,Move,32771055,8
583,694,512,Move,32771063,8
581,690,512,Move,32771071,8
578,687,512,Move,32771079,8
575,684,512,Move,32771087,8
576,684,512,Move,32771385,8
577,684,512,Move,32771391,8
578,684,512,Move,32771399,8
579,685,512,Move,32771407,8
580,686,512,Move,32771415,8
580,685,512,Move,32771455,8
580,686,512,Move,32771471,8
580,685,512,Move,32771511,8
580,684,512,Move,32771527,8
579,683,512,Move,32771543,8
578,683,512,Move,32771559,8
578,682,512,Move,32771575,8
577,682,512,Move,32771585,8
577,681,512,Move,32771591,8
576,680,512,Move,32771607,8
575,679,512,Move,32771615,8
574,679,512,Move,32771671,8
574,678,512,Move,32771681,8
573,677,512,Move,32771687,8
572,676,512,Move,32771695,8
571,675,512,Move,32771711,8
571,674,512,Move,32771719,8
570,674,512,Move,32771727,8
569,674,512,Move,32771735,8
569,673,512,Move,32771743,8
569,671,512,Move,32771751,8
568,671,512,Move,32771759,8
568,670,512,Move,32771767,8
567,670,512,Move,32772087,8
566,670,512,Move,32772097,8
565,670,512,Move,32772111,8
564,670,512,Move,32772135,8
563,672,512,Move,32772143,8
562,675,512,Move,32772151,8
561,679,512,Move,32772167,8
560,681,512,Move,32772175,8
560,685,512,Move,32772183,8
559,688,512,Move,32772191,8
559,692,512,Move,32772201,8
559,695,512,Move,32772207,8
559,699,512,Move,32772215,8
559,704,512,Move,32772223,8
559,708,512,Move,32772231,8
560,713,512,Move,32772239,8
561,718,512,Move,32772247,8
561,722,512,Move,32772255,8
561,725,512,Move,32772263,8
561,727,512,Move,32772271,8
561,730,512,Move,32772279,8
562,733,512,Move,32772287,8
562,735,512,Move,32772297,8
562,737,512,Move,32772303,8
562,739,160,Move,32772311,2
562,741,160,Move,32772319,2
562,743,512,Move,32772327,2
562,744,512,Move,32772335,2
562,745,512,Move,32772343,2
562,746,512,Move,32772367,2
562,747,512,Move,32772383,2
562,747,512,Move,32772430,2
562,748,512,Move,32772455,2
562,749,512,Move,32772479,2
562,750,512,Move,32772495,2
562,750,513,Pressed,32772679,2
562,750,512,Move,32772680,2
562,751,512,Move,32772687,2
562,751,514,Released,32772767,2
562,751,512,Move,32772768,2
562,751,512,Move,32772769,2
562,751,512,Move,32772771,2
562,750,512,Move,32773023,2
562,749,512,Move,32773031,2
561,749,512,Move,32773039,2
561,748,512,Move,32773047,2
560,748,512,Move,32773055,2
560,747,512,Move,32773063,2
559,747,512,Move,32773071,2
559,746,512,Move,32773079,2
558,746,512,Move,32773087,2
558,745,512,Move,32773095,2
557,745,512,Move,32773103,2
556,745,512,Move,32773111,2
555,745,512,Move,32773119,2
555,744,512,Move,32773127,2
554,744,512,Move,32773143,2
554,743,512,Move,32773167,2
553,743,512,Move,32773175,2
552,742,512,Move,32773199,2
551,742,512,Move,32773215,2
551,741,160,Move,32773223,2
550,741,160,Move,32773231,2
550,740,160,Move,32773239,2
549,740,160,Move,32773255,2
549,739,160,Move,32773263,2
549,738,160,Move,32773271,2
549,737,512,Move,32773279,8
548,736,512,Move,32773287,8
548,734,512,Move,32773295,8
547,733,512,Move,32773303,8
546,731,512,Move,32773311,8
545,729,512,Move,32773319,8
544,726,512,Move,32773327,8
544,725,512,Move,32773335,8
542,723,512,Move,32773343,8
542,721,512,Move,32773351,8
542,719,512,Move,32773359,8
542,717,512,Move,32773369,8
541,714,512,Move,32773375,8
541,712,512,Move,32773383,8
540,708,512,Move,32773391,8
540,704,512,Move,32773399,8
539,701,512,Move,32773407,8
538,699,512,Move,32773415,8
538,696,512,Move,32773423,8
537,694,512,Move,32773431,8
537,693,512,Move,32773439,8
537,692,512,Move,32773447,8
536,690,512,Move,32773455,8
536,689,512,Move,32773471,8
535,688,512,Move,32773479,8
534,687,512,Move,32773503,8
534,686,512,Move,32773519,8
533,686,512,Move,32773543,8
533,685,512,Move,32773559,8
532,684,512,Move,32773639,8
531,684,512,Move,32773759,8
530,684,512,Move,32773767,8
529,685,512,Move,32773777,8
526,687,512,Move,32773783,8
523,689,512,Move,32773791,8
520,691,512,Move,32773799,8
518,692,512,Move,32773807,8
513,696,512,Move,32773815,8
509,699,512,Move,32773823,8
505,702,512,Move,32773831,8
499,707,512,Move,32773839,8
494,710,512,Move,32773847,8
488,715,512,Move,32773855,8
482,720,512,Move,32773863,8
478,723,512,Move,32773871,8
474,726,512,Move,32773881,8
470,728,512,Move,32773887,8
467,731,512,Move,32773895,8
465,733,512,Move,32773903,8
463,735,512,Move,32773911,8
461,737,512,Move,32773919,8
460,737,512,Move,32773927,8
458,739,160,Move,32773935,2
457,740,160,Move,32773943,2
456,741,160,Move,32773951,2
455,742,512,Move,32773959,2
453,743,512,Move,32773967,2
452,744,512,Move,32773975,2
450,745,512,Move,32773983,2
448,746,512,Move,32773991,2
445,746,512,Move,32773999,2
444,747,512,Move,32774007,2
441,747,512,Move,32774015,2
438,747,512,Move,32774023,2
437,748,512,Move,32774031,2
434,748,512,Move,32774039,2
430,748,512,Move,32774047,2
427,748,512,Move,32774055,2
427,748,512,Move,32774059,2
424,748,512,Move,32774063,2
420,749,512,Move,32774071,2
414,751,512,Move,32774079,2
409,751,512,Move,32774087,2
404,752,512,Move,32774095,2
398,753,512,Move,32774103,2
394,754,512,Move,32774111,2
391,754,512,Move,32774119,2
387,754,512,Move,32774127,2
384,754,512,Move,32774135,2
383,754,512,Move,32774143,2
380,754,512,Move,32774151,2
378,754,512,Move,32774159,2
376,754,512,Move,32774175,2
375,754,512,Move,32774183,2
374,754,512,Move,32774199,2
373,754,512,Move,32774207,2
372,754,512,Move,32774215,2
371,754,512,Move,32774223,2
370,754,512,Move,32774231,2
369,754,512,Move,32774623,2
368,754,512,Move,32774631,2
366,754,512,Move,32774639,2
362,754,512,Move,32774647,2
357,754,512,Move,32774655,2
353,754,512,Move,32774663,2
348,754,512,Move,32774671,2
342,754,512,Move,32774679,2
335,754,160,Move,32774687,2
330,754,512,Move,32774695,2
330,754,512,Move,32774696,2
324,754,512,Move,32774703,2
319,754,512,Move,32774711,2
317,754,512,Move,32774719,2
313,754,512,Move,32774727,2
310,754,512,Move,32774735,2
309,754,512,Move,32774743,2
307,754,512,Move,32774751,2
305,754,512,Move,32774759,2
304,754,512,Move,32774775,2
303,754,512,Move,32774783,2
303,754,512,Move,32774806,2
303,754,513,Pressed,32774887,2
303,754,512,Move,32774888,2
303,754,514,Released,32775031,2
303,754,512,Move,32775032,2
303,754,512,Move,32775033,2
303,754,512,Move,32775034,2
303,754,512,Move,32775035,2
303,754,512,Move,32775042,2
303,754,512,Move,32775044,2
303,754,512,Move,32775050,2
303,754,512,Move,32775051,2
303,754,512,Move,32775054,2
303,754,512,Move,32775056,2
303,754,512,Move,32775057,2
303,754,512,Move,32775058,2
303,754,512,Move,32775061,2
303,754,512,Move,32775062,2
303,754,512,Move,32775064,2
303,754,512,Move,32775065,2
303,754,512,Move,32775067,2
303,753,512,Move,32775191,2
304,752,512,Move,32775199,2
305,751,512,Move,32775207,2
306,751,512,Move,32775215,2
308,750,512,Move,32775223,2
310,748,512,Move,32775231,2
311,747,512,Move,32775239,2
314,744,512,Move,32775247,2
318,742,512,Move,32775255,2
321,739,160,Move,32775263,2
326,736,512,Move,32775271,43
329,733,512,Move,32775279,43
334,730,512,Move,32775287,43
341,723,512,Move,32775295,43
347,719,512,Move,32775303,43
353,713,512,Move,32775311,43
360,706,512,Move,32775319,43
365,697,512,Move,32775327,43
374,686,512,Move,32775335,43
382,675,512,Move,32775343,43
391,663,512,Move,32775351,43
401,649,512,Move,32775359,43
412,636,512,Move,32775367,43
422,622,512,Move,32775375,43
430,611,512,Move,32775383,43
437,601,512,Move,32775391,43
444,591,512,Move,32775399,43
448,583,512,Move,32775407,43
450,577,512,Move,32775415,43
452,571,512,Move,32775423,43
454,564,512,Move,32775431,43
454,560,512,Move,32775439,43
454,558,512,Move,32775447,43
454,554,512,Move,32775455,43
454,552,512,Move,32775463,43
454,550,512,Move,32775471,43
454,549,512,Move,32775479,43
455,546,512,Move,32775487,43
456,545,512,Move,32775495,43
457,545,512,Move,32775503,43
457,544,512,Move,32775511,43
455,543,512,Move,32775519,43
454,542,512,Move,32775527,43
452,542,512,Move,32775799,43
451,542,512,Move,32775807,43
451,541,512,Move,32775839,43
450,541,512,Move,32775847,43
449,540,512,Move,32775855,43
448,539,512,Move,32775871,43
447,539,512,Move,32775911,43
446,539,512,Move,32775919,43
445,538,512,Move,32775944,43
445,537,512,Move,32775951,43
444,537,512,Move,32775967,43
444,536,512,Move,32775975,43
443,536,512,Move,32775991,43
443,535,512,Move,32775999,43
442,535,512,Move,32776007,43
442,534,512,Move,32776015,43
442,533,512,Move,32776047,43
441,532,512,Move,32776063,43
441,531,512,Move,32776079,43
441,530,512,Move,32776087,43
441,529,512,Move,32776103,43
441,528,512,Move,32776111,43
441,527,512,Move,32776119,43
441,526,512,Move,32776127,43
441,524,512,Move,32776135,43
441,522,512,Move,32776143,43
441,519,512,Move,32776151,43
441,517,512,Move,32776159,43
441,514,512,Move,32776167,43
443,508,512,Move,32776175,43
444,504,512,Move,32776183,43
444,499,512,Move,32776191,43
445,492,512,Move,32776199,43
445,485,512,Move,32776207,43
445,479,512,Move,32776215,43
445,473,512,Move,32776223,43
445,468,512,Move,32776231,43
445,463,512,Move,32776239,43
445,459,512,Move,32776247,43
445,456,512,Move,32776255,43
445,453,512,Move,32776263,43
445,449,512,Move,32776271,43
444,445,512,Move,32776279,43
442,440,512,Move,32776287,43
441,435,512,Move,32776295,43
440,431,512,Move,32776303,43
440,427,512,Move,32776311,43
439,423,512,Move,32776319,43
438,420,512,Move,32776327,43
438,417,512,Move,32776335,43
438,414,512,Move,32776343,43
437,410,512,Move,32776351,43
437,406,512,Move,32776359,43
437,404,512,Move,32776367,43
437,401,512,Move,32776375,43
437,397,512,Move,32776383,43
437,395,512,Move,32776391,43
437,393,512,Move,32776399,43
437,390,512,Move,32776407,43
437,388,512,Move,32776423,43
437,387,512,Move,32776431,43
437,385,512,Move,32776439,43
437,383,512,Move,32776447,43
437,382,512,Move,32776463,43
437,380,512,Move,32776471,43
437,378,512,Move,32776487,43
437,377,512,Move,32776495,43
437,376,512,Move,32776511,43
437,375,512,Move,32776519,43
437,374,512,Move,32776535,43
437,373,512,Move,32776551,43
437,372,512,Move,32776575,43
437,371,512,Move,32776591,43
437,370,512,Move,32776607,43
437,369,512,Move,32776671,43
437,368,512,Move,32776687,43
437,367,512,Move,32776703,43
437,366,512,Move,32776719,43
437,365,512,Move,32776727,43
437,364,512,Move,32776743,43
437,363,512,Move,32776759,43
437,363,513,Pressed,32776895,43
437,363,514,Released,32777063,43
437,363,512,Move,32777065,43
437,363,512,Move,32782748,43
437,363,512,Move,32782756,43
437,363,512,Move,32782769,43
437,363,512,Move,32782817,43
437,363,512,Move,32783004,43
437,363,512,Move,32783007,43
437,363,512,Move,32800113,43
437,363,512,Move,32800127,43
437,363,512,Move,32800151,43
437,363,512,Move,32800215,43
437,363,512,Move,32800218,43
437,363,512,Move,32800226,43
437,363,512,Move,32800239,43
437,363,512,Move,32800242,43
437,363,512,Move,32800638,43
437,363,512,Move,32800938,43
437,363,512,Move,32801676,43
437,363,512,Move,32805826,43
437,363,522,Unknown(522),32822471,43
437,363,522,Unknown(522),32822551,43
440,366,512,Move,32822783,43
442,370,512,Move,32822791,43
451,388,512,Move,32822799,43
463,408,512,Move,32822807,43
477,429,512,Move,32822815,43
494,456,512,Move,32822823,43
514,486,512,Move,32822831,43
530,516,512,Move,32822839,43
547,555,512,Move,32822847,43
566,588,512,Move,32822855,43
585,624,512,Move,32822863,43
602,657,512,Move,32822871,43
623,690,160,Move,32822879,43
639,726,512,Move,32822887,43
660,760,512,Move,32822895,2
680,767,160,Move,32822903,2
699,767,160,Move,32822911,2
716,767,160,Move,32822919,2
735,767,160,Move,32822927,2
750,767,160,Move,32822935,2
759,767,160,Move,32822943,2
769,767,160,Move,32822951,2
777,767,160,Move,32822959,2
781,767,160,Move,32822967,2
787,767,160,Move,32822975,2
791,767,160,Move,32822983,2
795,767,160,Move,32822991,2
799,767,160,Move,32822999,2
804,767,160,Move,32823007,2
806,767,160,Move,32823015,2
810,767,160,Move,32823023,2
813,767,160,Move,32823031,2
814,767,160,Move,32823047,2
814,766,160,Move,32823143,2
813,763,512,Move,32823151,2
811,762,512,Move,32823159,2
810,760,512,Move,32823167,2
808,758,512,Move,32823175,2
808,757,512,Move,32823183,2
806,756,512,Move,32823191,2
805,755,512,Move,32823199,2
804,754,512,Move,32823215,2
803,754,512,Move,32823223,2
803,753,512,Move,32823239,2
802,753,512,Move,32823255,2
801,753,512,Move,32823287,2
800,753,512,Move,32823303,2
799,753,512,Move,32823351,2
798,753,512,Move,32823367,2
797,753,512,Move,32823383,2
796,753,512,Move,32823391,2
795,753,512,Move,32823399,2
794,753,512,Move,32823407,2
791,753,512,Move,32823415,2
789,753,512,Move,32823423,2
787,753,512,Move,32823431,2
786,753,512,Move,32823439,2
786,753,513,Pressed,32823519,2
786,753,512,Move,32823523,2
786,753,512,Move,32823525,2
786,753,512,Move,32823525,2
786,753,514,Released,32823607,2
786,753,512,Move,32823608,2
786,753,512,Move,32823610,2
785,753,512,Move,32823663,2
785,752,512,Move,32823671,2
784,750,512,Move,32823679,2
783,750,512,Move,32823687,2
783,747,512,Move,32823695,2
783,744,512,Move,32823703,2
781,739,160,Move,32823711,2
781,734,512,Move,32823719,8
781,729,512,Move,32823727,8
781,721,512,Move,32823735,8
778,712,512,Move,32823743,8
777,702,512,Move,32823757,8
775,690,512,Move,32823759,8
773,678,512,Move,32823767,8
770,664,512,Move,32823775,8
765,651,512,Move,32823783,8
757,633,512,Move,32823791,8
750,617,512,Move,32823799,8
743,602,512,Move,32823807,8
738,588,512,Move,32823815,8
730,570,512,Move,32823823,8
725,557,512,Move,32823831,8
721,543,512,Move,32823839,8
714,527,512,Move,32823854,8
706,510,512,Move,32823855,8
698,491,512,Move,32823863,8
691,473,512,Move,32823871,8
681,454,512,Move,32823879,8
673,432,512,Move,32823887,8
663,413,512,Move,32823895,8
654,394,512,Move,32823903,8
644,374,512,Move,32823911,8
634,355,512,Move,32823919,8
623,335,512,Move,32823927,8
613,316,512,Move,32823935,8
606,301,512,Move,32823950,8
599,288,512,Move,32823951,8
587,264,512,Move,32823971,8
581,246,512,Move,32823990,8
581,244,512,Move,32823994,8
581,243,512,Move,32823999,8
580,243,512,Move,32824007,8
580,244,512,Move,32824031,8
580,247,512,Move,32824047,8
580,254,512,Move,32824048,8
580,259,512,Move,32824055,8
580,265,512,Move,32824063,8
580,272,512,Move,32824071,8
580,277,512,Move,32824079,8
580,286,512,Move,32824087,8
580,294,512,Move,32824095,8
580,304,512,Move,32824103,8
582,315,512,Move,32824111,8
586,325,512,Move,32824119,8
591,337,512,Move,32824127,8
595,348,512,Move,32824135,8
607,369,512,Move,32824154,8
622,388,512,Move,32824173,8
635,406,512,Move,32824193,8
637,408,512,Move,32824205,8
639,409,512,Move,32824207,8
639,409,512,Move,32824208,8
639,410,512,Move,32824215,8
639,409,512,Move,32824223,8
639,408,512,Move,32824231,8
638,407,512,Move,32824239,8
635,407,512,Move,32824247,8
634,405,512,Move,32824255,8
633,405,512,Move,32824559,8
633,406,512,Move,32824575,8
632,407,512,Move,32824607,8
631,407,512,Move,32824615,8
630,407,512,Move,32824639,8
629,406,512,Move,32824663,8
628,405,512,Move,32824693,8
627,405,512,Move,32824735,8
626,405,512,Move,32824751,8
625,404,512,Move,32824759,8
625,403,512,Move,32824775,8
624,402,512,Move,32824794,8
623,402,512,Move,32824807,8
623,401,512,Move,32824815,8
622,401,512,Move,32824823,8
621,401,512,Move,32824831,8
621,400,512,Move,32824839,8
620,400,512,Move,32825287,8
619,400,512,Move,32825297,8
618,400,512,Move,32825303,8
616,400,512,Move,32825311,8
613,400,512,Move,32825319,8
608,400,512,Move,32825327,8
604,400,512,Move,32825335,8
597,402,512,Move,32825343,8
587,403,512,Move,32825351,8
575,406,512,Move,32825359,8
562,407,512,Move,32825367,8
547,407,512,Move,32825375,8
529,407,512,Move,32825383,8
488,407,512,Move,32825405,8
461,407,512,Move,32825407,8
430,407,512,Move,32825422,8
409,407,512,Move,32825423,8
385,407,512,Move,32825431,8
364,405,512,Move,32825439,8
344,400,512,Move,32825447,8
327,398,512,Move,32825455,8
312,395,512,Move,32825463,8
298,392,512,Move,32825471,8
286,389,512,Move,32825479,8
266,386,512,Move,32825502,8
257,384,512,Move,32825504,8
241,381,512,Move,32825520,8
220,376,512,Move,32825543,8
213,374,512,Move,32825551,8
204,374,512,Move,32825559,8
189,370,512,Move,32825578,8
182,369,512,Move,32825583,8
175,367,512,Move,32825591,8
169,366,512,Move,32825599,8
162,365,512,Move,32825607,8
157,365,512,Move,32825618,8
146,362,512,Move,32825638,8
141,361,512,Move,32825640,8
135,360,512,Move,32825647,8
130,360,512,Move,32825655,8
126,359,512,Move,32825663,8
122,358,512,Move,32825671,8
119,358,512,Move,32825679,8
115,357,512,Move,32825687,8
111,357,512,Move,32825695,8
107,356,512,Move,32825703,8
105,356,512,Move,32825716,8
101,355,512,Move,32825719,8
98,354,512,Move,32825727,8
95,354,512,Move,32825735,8
94,353,512,Move,32825743,8
91,353,512,Move,32825751,8
89,352,512,Move,32825759,8
87,352,512,Move,32825767,8
85,352,512,Move,32825775,8
84,351,512,Move,32825783,8
83,350,512,Move,32825799,8
82,349,512,Move,32825814,8
81,349,512,Move,32825815,8
81,348,512,Move,32825823,8
80,348,512,Move,32825831,8
80,347,512,Move,32825839,8
79,347,512,Move,32825847,8
79,346,512,Move,32825855,8
78,346,512,Move,32825863,8
78,345,512,Move,32825871,8
77,345,512,Move,32825879,8
77,344,512,Move,32825895,8
76,344,512,Move,32825919,8
75,343,512,Move,32825959,8
75,342,512,Move,32825999,8
74,342,512,Move,32826015,8
74,341,512,Move,32826016,8
73,340,512,Move,32826039,8
73,339,512,Move,32826047,8
72,339,512,Move,32826055,8
72,338,512,Move,32826071,8
72,338,513,Pressed,32826183,8
72,338,514,Released,32826295,8
72,338,512,Move,32826300,8
72,338,512,Move,32830243,8
72,338,512,Move,32830244,8
72,338,512,Move,32831788,8
72,338,512,Move,32831920,8
72,338,512,Move,32831921,8
72,338,512,Move,32832154,8
72,338,512,Move,32832344,8
72,338,512,Move,32832345,8
72,338,512,Move,32832650,8
72,334,512,Move,32833335,8
71,332,512,Move,32833343,8
71,330,512,Move,32833351,8
71,329,512,Move,32833375,8
74,328,512,Move,32833383,8
83,325,512,Move,32833399,8
92,322,512,Move,32833400,8
105,320,512,Move,32833407,8
117,320,512,Move,32833415,8
126,321,512,Move,32833423,8
130,324,512,Move,32833431,8
132,326,512,Move,32833439,8
133,328,512,Move,32833447,8
135,329,512,Move,32833455,8
137,331,512,Move,32833463,8
139,334,512,Move,32833471,8
142,336,512,Move,32833479,8
144,338,512,Move,32833487,8
146,339,512,Move,32833499,8
148,339,512,Move,32833503,8
149,340,512,Move,32833511,8
149,341,512,Move,32833519,8
150,341,512,Move,32833527,8
151,341,512,Move,32833535,8
152,341,512,Move,32833543,8
153,341,512,Move,32833551,8
154,341,512,Move,32833559,8
155,341,512,Move,32833567,8
157,341,512,Move,32833575,8
158,341,512,Move,32833583,8
160,341,512,Move,32833599,8
161,341,512,Move,32833600,8
162,341,512,Move,32833607,8
163,341,512,Move,32833615,8
164,341,512,Move,32833623,8
165,341,512,Move,32833639,8
166,341,512,Move,32833647,8
167,341,512,Move,32833663,8
167,340,512,Move,32833815,8
167,340,513,Pressed,32833898,8
167,340,514,Released,32834058,8
167,340,512,Move,32834117,8
167,340,522,Unknown(522),32837175,8
167,340,512,Move,32837184,8
167,340,512,Move,32837184,8
167,340,512,Move,32837207,8
167,340,512,Move,32837208,8
167,340,512,Move,32837210,8
167,340,512,Move,32837211,8
167,340,512,Move,32837219,8
167,340,512,Move,32837235,8
167,340,512,Move,32837235,8
167,340,512,Move,32837238,8
167,340,522,Unknown(522),32837247,8
167,340,522,Unknown(522),32837247,8
167,340,512,Move,32837248,8
167,340,512,Move,32837297,8
167,340,512,Move,32837298,8
167,340,512,Move,32837300,8
167,340,512,Move,32837300,8
167,340,522,Unknown(522),32837311,8
167,340,522,Unknown(522),32837311,8
167,340,512,Move,32837313,8
167,340,512,Move,32837315,8
167,340,512,Move,32837315,8
167,340,512,Move,32837317,8
167,340,512,Move,32837318,8
167,340,512,Move,32837320,8
167,340,512,Move,32837320,8
167,340,512,Move,32837348,8
167,340,512,Move,32837348,8
167,340,512,Move,32837351,8
167,340,512,Move,32837351,8
167,340,512,Move,32837353,8
167,340,512,Move,32837360,8
167,340,512,Move,32837360,8
167,340,512,Move,32837362,8
167,340,512,Move,32837362,8
167,340,512,Move,32837365,8
167,340,512,Move,32837365,8
167,340,512,Move,32837387,8
167,340,512,Move,32837387,8
167,340,522,Unknown(522),32838191,8
167,340,512,Move,32838204,8
167,340,512,Move,32838219,8
167,340,522,Unknown(522),32838232,8
167,340,522,Unknown(522),32838232,8
167,340,512,Move,32838234,8
167,340,512,Move,32838236,8
167,340,512,Move,32838244,8
167,340,522,Unknown(522),32838255,8
167,340,512,Move,32838267,8
167,340,512,Move,32838267,8
167,340,512,Move,32838270,8
167,340,512,Move,32838270,8
167,340,522,Unknown(522),32838288,8
167,340,512,Move,32838289,8
167,340,512,Move,32838302,8
167,340,512,Move,32838302,8
167,340,512,Move,32838305,8
167,340,512,Move,32838306,8
167,340,512,Move,32838308,8
167,340,512,Move,32838314,8
167,340,522,Unknown(522),32838327,8
167,340,522,Unknown(522),32838327,8
167,340,512,Move,32838329,8
167,340,512,Move,32838339,8
167,340,512,Move,32838339,8
167,340,512,Move,32838341,8
167,340,512,Move,32838359,8
167,340,512,Move,32838360,8
167,340,512,Move,32838361,8
167,340,512,Move,32838391,8
167,340,512,Move,32838392,8
167,340,512,Move,32838403,8
167,340,512,Move,32838403,8
167,340,512,Move,32838405,8
167,340,512,Move,32838417,8
167,340,512,Move,32838417,8
167,340,512,Move,32838420,8
167,340,512,Move,32838431,8
167,340,512,Move,32838432,8
167,340,522,Unknown(522),32838887,8
167,340,512,Move,32838901,8
167,340,522,Unknown(522),32838903,8
167,340,512,Move,32838924,8
167,340,512,Move,32838924,8
167,340,522,Unknown(522),32838935,8
167,340,522,Unknown(522),32838935,8
167,340,512,Move,32838938,8
167,340,512,Move,32838938,8
167,340,512,Move,32838940,8
167,340,512,Move,32838949,8
167,340,512,Move,32838949,8
167,340,512,Move,32838951,8
167,340,522,Unknown(522),32838967,8
167,340,512,Move,32838970,8
167,340,512,Move,32838971,8
167,340,512,Move,32838973,8
167,340,512,Move,32838973,8
167,340,512,Move,32838979,8
167,340,512,Move,32839001,8
167,340,512,Move,32839001,8
167,340,512,Move,32839003,8
167,340,512,Move,32839003,8
167,340,512,Move,32839013,8
167,340,512,Move,32839013,8
167,340,512,Move,32839015,8
167,340,512,Move,32839047,8
167,340,512,Move,32839048,8
167,340,512,Move,32839050,8
167,340,512,Move,32839059,8
167,340,512,Move,32839059,8
167,340,522,Unknown(522),32839303,8
167,340,522,Unknown(522),32839327,8
167,340,512,Move,32839329,8
167,340,512,Move,32839329,8
167,340,512,Move,32839331,8
167,340,512,Move,32839332,8
167,340,512,Move,32839333,8
167,340,512,Move,32839341,8
167,340,522,Unknown(522),32839343,8
167,340,522,Unknown(522),32839359,8
167,340,512,Move,32839362,8
167,340,512,Move,32839362,8
167,340,512,Move,32839373,8
167,340,512,Move,32839373,8
167,340,522,Unknown(522),32839375,8
167,340,512,Move,32839386,8
167,340,512,Move,32839387,8
167,340,512,Move,32839389,8
167,340,512,Move,32839408,8
167,340,512,Move,32839409,8
167,340,512,Move,32839411,8
167,340,512,Move,32839417,8
167,340,512,Move,32839417,8
167,340,512,Move,32839439,8
167,340,512,Move,32839440,8
167,340,512,Move,32839442,8
167,340,512,Move,32839442,8
167,340,512,Move,32839444,8
167,340,512,Move,32839464,8
167,340,512,Move,32839464,8
167,340,512,Move,32839476,8
167,340,522,Unknown(522),32839799,8
167,340,512,Move,32839813,8
167,340,512,Move,32839814,8
167,340,522,Unknown(522),32839823,8
167,340,512,Move,32839825,8
167,340,512,Move,32839825,8
167,340,522,Unknown(522),32839881,8
167,340,512,Move,32839882,8
167,340,512,Move,32839901,8
167,340,512,Move,32839902,8
167,340,512,Move,32839904,8
167,340,512,Move,32839907,8
167,340,522,Unknown(522),32839917,8
167,340,512,Move,32839923,8
167,340,512,Move,32839945,8
167,340,512,Move,32839947,8
167,340,512,Move,32839948,8
167,340,512,Move,32839949,8
167,340,512,Move,32840219,8
167,340,512,Move,32840256,8
167,340,512,Move,32840277,8
167,340,522,Unknown(522),32840383,8
167,340,522,Unknown(522),32840415,8
168,340,512,Move,32840431,8
170,341,512,Move,32840439,8
173,343,522,Unknown(522),32840460,8
176,345,512,Move,32840460,8
180,346,512,Move,32840463,8
184,348,512,Move,32840474,8
188,349,522,Unknown(522),32840481,8
188,349,512,Move,32840482,8
193,351,512,Move,32840490,8
206,356,512,Move,32840509,8
217,360,512,Move,32840512,8
227,364,512,Move,32840525,8
238,366,512,Move,32840527,8
248,368,512,Move,32840535,8
260,370,512,Move,32840543,8
272,374,512,Move,32840551,8
314,387,512,Move,32840576,8
331,391,512,Move,32840583,8
348,394,512,Move,32840591,8
398,402,512,Move,32840617,8
415,405,512,Move,32840630,8
429,408,512,Move,32840632,8
442,410,512,Move,32840640,8
461,413,512,Move,32840660,8
465,415,512,Move,32840663,8
469,416,512,Move,32840671,8
470,419,512,Move,32840679,8
471,420,512,Move,32840687,8
471,421,512,Move,32840695,8
468,422,512,Move,32840714,8
467,422,512,Move,32840732,8
467,422,512,Move,32840763,8
468,422,512,Move,32841055,8
469,422,512,Move,32841063,8
467,418,512,Move,32841071,8
465,417,512,Move,32841090,8
466,418,512,Move,32841151,8
466,419,512,Move,32841167,8
467,419,512,Move,32841791,8
468,419,512,Move,32841799,8
470,418,512,Move,32841820,8
473,418,512,Move,32841823,8
475,417,512,Move,32841831,8
478,417,512,Move,32841839,8
481,416,512,Move,32841847,8
482,416,512,Move,32841855,8
488,414,512,Move,32841905,8
489,414,512,Move,32841927,8
490,414,512,Move,32841975,8
489,413,512,Move,32844927,8
487,413,512,Move,32844935,8
482,413,512,Move,32844943,8
475,414,512,Move,32844951,8
467,414,512,Move,32844959,8
457,414,512,Move,32844967,8
445,414,512,Move,32844975,8
432,414,512,Move,32844983,8
395,412,512,Move,32845003,8
371,407,512,Move,32845007,8
312,396,512,Move,32845027,8
240,380,512,Move,32845049,8
223,378,512,Move,32845055,8
208,376,512,Move,32845063,8
194,374,512,Move,32845071,8
182,371,512,Move,32845079,8
172,368,512,Move,32845087,8
165,365,512,Move,32845095,8
157,361,512,Move,32845103,8
153,359,512,Move,32845111,8
150,357,512,Move,32845119,8
148,356,512,Move,32845127,8
147,354,512,Move,32845135,8
145,354,512,Move,32845143,8
143,352,512,Move,32845151,8
141,351,512,Move,32845159,8
140,349,512,Move,32845167,8
138,348,512,Move,32845175,8
135,347,512,Move,32845183,8
133,347,512,Move,32845191,8
129,347,512,Move,32845199,8
125,347,512,Move,32845207,8
122,347,512,Move,32845215,8
119,347,512,Move,32845223,8
116,347,512,Move,32845231,8
114,346,512,Move,32845239,8
112,346,512,Move,32845247,8
112,345,512,Move,32845255,8
114,345,512,Move,32845415,8
116,345,512,Move,32845423,8
120,345,512,Move,32845431,8
124,346,512,Move,32845439,8
125,346,512,Move,32845447,8
124,346,512,Move,32845479,8
123,346,512,Move,32845487,8
122,346,512,Move,32845495,8
121,346,512,Move,32845503,8
117,346,512,Move,32845511,8
114,346,512,Move,32845519,8
109,346,512,Move,32845527,8
107,346,512,Move,32845535,8
103,346,512,Move,32845543,8
99,346,512,Move,32845551,8
97,346,512,Move,32845559,8
94,346,512,Move,32845567,8
90,346,512,Move,32845575,8
88,346,512,Move,32845583,8
85,346,512,Move,32845591,8
82,346,512,Move,32845599,8
80,346,512,Move,32845607,8
76,346,512,Move,32845615,8
71,346,512,Move,32845623,8
68,346,512,Move,32845631,8
65,346,512,Move,32845639,8
63,346,512,Move,32845647,8
59,346,512,Move,32845655,8
53,346,512,Move,32845687,8
52,346,512,Move,32845695,8
51,346,512,Move,32845807,8
50,346,512,Move,32845823,8
49,346,512,Move,32845847,8
48,345,512,Move,32845855,8
47,345,512,Move,32845871,8
47,344,512,Move,32845879,8
46,344,512,Move,32845887,8
45,344,512,Move,32845895,8
44,343,512,Move,32845903,8
43,343,512,Move,32845919,8
42,343,512,Move,32845927,8
41,343,512,Move,32845943,8
40,343,512,Move,32845951,8
39,343,512,Move,32845967,8
38,343,512,Move,32845983,8
38,342,512,Move,32845999,8
37,342,512,Move,32846007,8
36,342,512,Move,32846015,8
35,342,512,Move,32846023,8
34,342,512,Move,32846039,8
33,341,512,Move,32846047,8
32,341,512,Move,32846071,8
31,341,512,Move,32846079,8
30,341,512,Move,32846103,8
30,340,512,Move,32846143,8
29,340,512,Move,32846199,8
28,340,512,Move,32846239,8
27,340,512,Move,32846391,8
26,340,512,Move,32846447,8
26,340,513,Pressed,32846751,8
26,340,514,Released,32846911,8
26,340,512,Move,32846918,8
28,340,512,Move,32847007,8
30,339,512,Move,32847015,8
34,339,512,Move,32847023,8
39,339,512,Move,32847031,8
43,339,512,Move,32847039,8
47,339,512,Move,32847047,8
49,339,512,Move,32847055,8
52,339,512,Move,32847063,8
55,339,512,Move,32847071,8
56,339,512,Move,32847079,8
55,339,512,Move,32847615,8
54,339,512,Move,32847623,8
53,339,512,Move,32847631,8
52,340,512,Move,32847647,8
50,340,512,Move,32847655,8
49,340,512,Move,32847671,8
49,340,513,Pressed,32847799,8
49,340,514,Released,32847935,8
49,340,512,Move,32847939,8
49,340,512,Move,32848012,8
49,340,512,Move,32848940,8
49,340,512,Move,32849620,8
48,340,512,Move,32850711,8
50,340,512,Move,32850719,8
53,343,512,Move,32850727,8
59,347,512,Move,32850735,8
63,350,512,Move,32850743,8
70,354,512,Move,32850751,8
79,356,512,Move,32850759,8
86,359,512,Move,32850767,8
95,360,512,Move,32850775,8
104,361,512,Move,32850783,8
110,361,512,Move,32850791,8
117,361,512,Move,32850799,8
122,361,512,Move,32850807,8
126,360,512,Move,32850815,8
132,358,512,Move,32850823,8
134,358,512,Move,32850831,8
137,357,512,Move,32850839,8
140,356,512,Move,32850847,8
143,355,512,Move,32850855,8
147,353,512,Move,32850863,8
148,352,512,Move,32850871,8
150,351,512,Move,32850879,8
153,351,512,Move,32850887,8
156,351,512,Move,32850895,8
159,350,512,Move,32850903,8
162,350,512,Move,32850911,8
165,349,512,Move,32850919,8
178,346,512,Move,32850991,8
178,345,512,Move,32851007,8
178,344,512,Move,32851031,8
179,343,512,Move,32851063,8
180,343,512,Move,32851079,8
180,342,512,Move,32851087,8
181,342,512,Move,32851095,8
182,341,512,Move,32851103,8
183,340,512,Move,32851119,8
184,340,512,Move,32851127,8
185,339,512,Move,32851135,8
185,339,513,Pressed,32851247,8
185,339,512,Move,32851259,8
185,339,514,Released,32851415,8
185,339,512,Move,32851447,8
185,339,512,Move,32853788,8
185,339,512,Move,32853836,8
185,339,512,Move,32853902,8
185,339,512,Move,32854033,8
185,339,512,Move,32854266,8
184,339,512,Move,32854391,8
184,338,512,Move,32854415,8
185,338,512,Move,32855119,8
186,338,512,Move,32855135,8
187,338,512,Move,32855191,8
188,338,512,Move,32855220,8
188,337,512,Move,32855231,8
189,337,512,Move,32855255,8
189,337,522,Unknown(522),32856415,8
189,337,512,Move,32856427,8
189,337,512,Move,32856436,8
189,337,512,Move,32856445,8
189,337,512,Move,32856455,8
189,337,512,Move,32856465,8
189,337,512,Move,32856474,8
189,337,512,Move,32856485,8
189,337,512,Move,32856495,8
189,337,512,Move,32856507,8
189,337,512,Move,32856517,8
190,337,512,Move,32858095,8
191,337,512,Move,32858103,8
193,337,512,Move,32858111,8
197,338,512,Move,32858119,8
201,339,512,Move,32858127,8
204,341,512,Move,32858135,8
207,342,512,Move,32858143,8
212,344,512,Move,32858151,8
217,346,512,Move,32858159,8
221,348,512,Move,32858167,8
227,351,512,Move,32858175,8
231,353,512,Move,32858183,8
237,355,512,Move,32858191,8
241,357,512,Move,32858199,8
246,359,512,Move,32858207,8
254,362,512,Move,32858215,8
259,364,512,Move,32858223,8
267,366,512,Move,32858231,8
274,369,512,Move,32858239,8
283,373,512,Move,32858247,8
292,376,512,Move,32858255,8
302,379,512,Move,32858263,8
312,383,512,Move,32858271,8
323,387,512,Move,32858279,8
335,392,512,Move,32858287,8
351,398,512,Move,32858295,8
366,401,512,Move,32858303,8
383,405,512,Move,32858311,8
400,411,512,Move,32858319,8
415,416,512,Move,32858327,8
430,420,512,Move,32858335,8
444,426,512,Move,32858343,8
456,431,512,Move,32858351,8
469,435,512,Move,32858359,8
479,441,512,Move,32858367,8
488,446,512,Move,32858375,8
495,448,512,Move,32858383,8
503,451,512,Move,32858391,8
504,452,512,Move,32858399,8
505,452,512,Move,32858407,8
507,452,512,Move,32858735,8
508,452,512,Move,32858743,8
510,452,512,Move,32858751,8
513,453,512,Move,32858759,8
516,453,512,Move,32858767,8
520,453,512,Move,32858775,8
523,453,512,Move,32858783,8
524,453,512,Move,32858791,8
527,453,512,Move,32858799,8
530,452,512,Move,32858807,8
534,452,512,Move,32858815,8
536,451,512,Move,32858823,8
539,451,512,Move,32858831,8
542,450,512,Move,32858839,8
546,450,512,Move,32858847,8
547,449,512,Move,32858855,8
551,449,512,Move,32858863,8
553,448,512,Move,32858871,8
556,448,512,Move,32858879,8
559,447,512,Move,32858887,8
562,447,512,Move,32858895,8
564,446,512,Move,32858903,8
565,446,512,Move,32858911,8
567,446,512,Move,32858919,8
567,445,512,Move,32858927,8
568,445,512,Move,32859039,8
568,445,522,Unknown(522),32859167,8
568,445,512,Move,32859188,8
568,445,512,Move,32859188,8
568,445,512,Move,32859190,8
568,445,522,Unknown(522),32859200,8
568,445,512,Move,32859201,8
568,445,512,Move,32859216,8
568,445,512,Move,32859216,8
568,445,512,Move,32859218,8
568,445,522,Unknown(522),32859239,8
568,445,522,Unknown(522),32859239,8
568,445,512,Move,32859240,8
568,445,512,Move,32859242,8
568,445,512,Move,32859286,8
568,445,512,Move,32859298,8
568,445,512,Move,32859298,8
568,445,512,Move,32859300,8
568,445,512,Move,32859300,8
568,445,512,Move,32859301,8
568,445,512,Move,32859302,8
568,445,512,Move,32859304,8
568,445,512,Move,32859304,8
568,445,512,Move,32859306,8
568,445,512,Move,32859310,8
568,445,512,Move,32859311,8
568,445,512,Move,32859312,8
568,445,512,Move,32859324,8
568,445,522,Unknown(522),32863423,8
568,445,512,Move,32863437,8
568,445,512,Move,32863438,8
568,445,512,Move,32863439,8
568,445,512,Move,32863472,8
568,445,512,Move,32863472,8
568,445,512,Move,32863474,8
568,445,512,Move,32863474,8
568,445,512,Move,32863476,8
568,445,512,Move,32863520,8
568,445,512,Move,32863520,8
568,445,512,Move,32863522,8
568,445,512,Move,32863531,8
568,445,512,Move,32863532,8
568,445,512,Move,32863533,8
568,445,512,Move,32863534,8
568,445,512,Move,32863535,8
568,445,512,Move,32863536,8
568,445,522,Unknown(522),32863919,8
568,445,512,Move,32863934,8
568,445,512,Move,32863935,8
568,445,512,Move,32863936,8
568,445,512,Move,32863954,8
568,445,512,Move,32863965,8
568,445,512,Move,32863987,8
568,445,512,Move,32863988,8
568,445,512,Move,32863989,8
568,445,512,Move,32863990,8
568,445,512,Move,32863992,8
568,445,512,Move,32863998,8
568,445,512,Move,32864010,8
568,445,512,Move,32864011,8
568,445,512,Move,32864032,8
568,445,512,Move,32864032,8
568,445,522,Unknown(522),32864192,8
568,445,512,Move,32864221,8
568,445,512,Move,32864221,8
568,445,512,Move,32864223,8
568,445,512,Move,32864223,8
568,445,512,Move,32864225,8
568,445,512,Move,32864232,8
568,445,512,Move,32864265,8
568,445,512,Move,32864275,8
568,445,512,Move,32864276,8
568,445,512,Move,32864277,8
568,445,512,Move,32864278,8
568,445,512,Move,32864279,8
568,445,512,Move,32864298,8
568,445,512,Move,32864299,8
568,445,512,Move,32864300,8
568,445,522,Unknown(522),32865959,8
568,445,512,Move,32865982,8
568,445,512,Move,32865983,8
568,445,512,Move,32865985,8
568,445,512,Move,32865996,8
568,445,512,Move,32865997,8
568,445,512,Move,32865998,8
568,445,522,Unknown(522),32866007,8
568,445,512,Move,32866019,8
568,445,512,Move,32866019,8
568,445,512,Move,32866020,8
568,445,512,Move,32866030,8
568,445,512,Move,32866041,8
568,445,522,Unknown(522),32866063,8
568,445,512,Move,32866065,8
568,445,512,Move,32866065,8
568,445,512,Move,32866067,8
568,445,512,Move,32866067,8
568,445,512,Move,32866069,8
568,445,512,Move,32866077,8
568,445,512,Move,32866117,8
568,445,512,Move,32866117,8
568,445,512,Move,32866119,8
568,445,522,Unknown(522),32866135,8
568,445,512,Move,32866161,8
568,445,512,Move,32866162,8
568,445,512,Move,32866163,8
568,445,512,Move,32866164,8
568,445,512,Move,32866165,8
568,445,512,Move,32866165,8
568,445,512,Move,32866167,8
568,445,512,Move,32866172,8
568,445,512,Move,32866172,8
568,445,512,Move,32866174,8
568,445,512,Move,32866174,8
568,445,512,Move,32866176,8
568,445,512,Move,32866176,8
568,445,512,Move,32866177,8
568,445,512,Move,32866184,8
568,445,522,Unknown(522),32866199,8
568,445,512,Move,32866207,8
568,445,512,Move,32866207,8
568,445,512,Move,32866209,8
568,445,512,Move,32866237,8
568,445,512,Move,32866237,8
568,445,512,Move,32866238,8
568,445,512,Move,32866239,8
568,445,512,Move,32866240,8
568,445,512,Move,32866249,8
568,445,512,Move,32866289,8
568,445,512,Move,32866289,8
568,445,512,Move,32866291,8
568,445,512,Move,32866301,8
568,445,512,Move,32866301,8
568,445,512,Move,32866302,8
568,445,512,Move,32866303,8
568,445,522,Unknown(522),32866903,8
568,445,512,Move,32866918,8
568,445,512,Move,32866918,8
568,445,512,Move,32866920,8
568,445,512,Move,32866940,8
568,445,512,Move,32866940,8
568,445,512,Move,32866941,8
568,445,522,Unknown(522),32866943,8
568,445,512,Move,32866950,8
568,445,512,Move,32866972,8
568,445,512,Move,32866972,8
568,445,512,Move,32866974,8
568,445,522,Unknown(522),32866976,8
568,445,512,Move,32866980,8
568,445,512,Move,32867002,8
568,445,512,Move,32867014,8
568,445,512,Move,32867014,8
568,445,512,Move,32867016,8
568,445,522,Unknown(522),32867023,8
568,445,512,Move,32867026,8
568,445,512,Move,32867066,8
568,445,512,Move,32867066,8
568,445,512,Move,32867067,8
568,445,512,Move,32867078,8
568,445,512,Move,32867078,8
568,445,512,Move,32867080,8
568,445,512,Move,32867080,8
568,445,512,Move,32867082,8
568,445,522,Unknown(522),32867087,8
568,445,512,Move,32867112,8
568,445,512,Move,32867112,8
568,445,512,Move,32867114,8
568,445,512,Move,32867126,8
568,445,512,Move,32867127,8
568,445,512,Move,32867128,8
568,445,512,Move,32867129,8
568,445,512,Move,32867130,8
568,445,512,Move,32867138,8
568,445,512,Move,32867139,8
568,445,512,Move,32867140,8
568,445,512,Move,32867197,8
568,445,512,Move,32867219,8
568,445,512,Move,32867219,8
568,445,512,Move,32867221,8
568,445,512,Move,32867221,8
568,445,522,Unknown(522),32868303,8
568,445,522,Unknown(522),32868319,8
568,445,522,Unknown(522),32868327,8
568,445,512,Move,32868329,8
568,445,512,Move,32868330,8
568,445,512,Move,32868331,8
568,445,512,Move,32868332,8
568,445,512,Move,32868333,8
568,445,512,Move,32868342,8
568,445,522,Unknown(522),32868343,8
568,445,522,Unknown(522),32868351,8
568,445,522,Unknown(522),32868381,8
568,445,522,Unknown(522),32868400,8
568,445,512,Move,32868402,8
568,445,512,Move,32868403,8
568,445,512,Move,32868405,8
568,445,512,Move,32868425,8
568,445,512,Move,32868425,8
568,445,512,Move,32868426,8
568,445,512,Move,32868427,8
568,445,512,Move,32868428,8
568,445,512,Move,32868429,8
568,445,512,Move,32868431,8
568,445,512,Move,32868431,8
568,445,512,Move,32868433,8
568,445,512,Move,32868433,8
568,445,512,Move,32868435,8
568,445,512,Move,32868447,8
568,445,512,Move,32868448,8
568,445,512,Move,32868450,8
568,445,512,Move,32868450,8
568,445,522,Unknown(522),32868711,8
568,445,522,Unknown(522),32868719,8
568,445,512,Move,32868734,8
568,445,512,Move,32868735,8
568,445,522,Unknown(522),32868735,8
568,445,512,Move,32868737,8
568,445,512,Move,32868737,8
568,445,512,Move,32868739,8
568,445,522,Unknown(522),32868751,8
568,445,522,Unknown(522),32868759,8
568,445,512,Move,32868767,8
568,445,512,Move,32868767,8
568,445,512,Move,32868769,8
568,445,512,Move,32868769,8
568,445,512,Move,32868771,8
568,445,522,Unknown(522),32868775,8
568,445,512,Move,32868779,8
568,445,512,Move,32868801,8
568,445,512,Move,32868802,8
568,445,512,Move,32868803,8
568,445,522,Unknown(522),32868807,8
568,445,512,Move,32868813,8
568,445,512,Move,32868824,8
568,445,512,Move,32868877,8
568,445,512,Move,32868877,8
568,445,512,Move,32868879,8
568,445,512,Move,32868888,8
568,445,512,Move,32868889,8
568,445,512,Move,32868890,8
568,445,512,Move,32868891,8
568,445,512,Move,32868892,8
568,445,512,Move,32868893,8
568,445,512,Move,32868894,8
568,445,512,Move,32868895,8
568,445,512,Move,32868897,8
568,445,512,Move,32868911,8
568,445,512,Move,32868912,8
568,445,522,Unknown(522),32869127,8
568,445,522,Unknown(522),32869135,8
568,445,522,Unknown(522),32869151,8
568,445,512,Move,32869158,8
568,445,512,Move,32869158,8
568,445,512,Move,32869161,8
568,445,512,Move,32869161,8
568,445,512,Move,32869164,8
568,445,522,Unknown(522),32869167,8
568,445,522,Unknown(522),32869183,8
568,445,512,Move,32869189,8
568,445,512,Move,32869189,8
568,445,512,Move,32869191,8
568,445,512,Move,32869191,8
568,445,512,Move,32869193,8
568,445,522,Unknown(522),32869199,8
568,445,512,Move,32869201,8
568,445,512,Move,32869223,8
568,445,512,Move,32869223,8
568,445,512,Move,32869225,8
568,445,512,Move,32869233,8
568,445,512,Move,32869233,8
568,445,512,Move,32869244,8
568,445,512,Move,32869266,8
568,445,512,Move,32869266,8
568,445,512,Move,32869268,8
568,445,512,Move,32869268,8
568,445,512,Move,32869269,8
568,445,512,Move,32869279,8
568,445,512,Move,32869301,8
568,445,512,Move,32869301,8
565,445,512,Move,32869895,8
561,445,512,Move,32869903,8
551,445,512,Move,32869911,8
540,445,512,Move,32869919,8
526,443,512,Move,32869927,8
511,440,512,Move,32869935,8
498,439,512,Move,32869943,8
484,436,512,Move,32869951,8
469,434,512,Move,32869959,8
455,432,512,Move,32869967,8
440,429,512,Move,32869975,8
424,427,512,Move,32869983,8
402,424,512,Move,32869991,8
382,419,512,Move,32869999,8
334,411,512,Move,32870020,8
263,394,512,Move,32870041,8
213,381,512,Move,32870063,8
202,377,512,Move,32870071,8
190,373,512,Move,32870079,8
183,372,512,Move,32870087,8
176,371,512,Move,32870095,8
172,369,512,Move,32870103,8
169,367,512,Move,32870111,8
167,365,512,Move,32870119,8
166,363,512,Move,32870127,8
165,363,512,Move,32870135,8
164,363,512,Move,32870407,8
163,363,512,Move,32870415,8
162,363,512,Move,32870423,8
158,362,512,Move,32870431,8
156,361,512,Move,32870439,8
154,361,512,Move,32870447,8
152,361,512,Move,32870455,8
150,361,512,Move,32870463,8
148,361,512,Move,32870471,8
144,361,512,Move,32870479,8
139,361,512,Move,32870487,8
135,361,512,Move,32870495,8
132,361,512,Move,32870503,8
128,360,512,Move,32870511,8
126,359,512,Move,32870519,8
122,359,512,Move,32870527,8
120,358,512,Move,32870535,8
117,358,512,Move,32870543,8
114,357,512,Move,32870551,8
110,357,512,Move,32870559,8
107,356,512,Move,32870567,8
105,355,512,Move,32870575,8
102,355,512,Move,32870583,8
101,354,512,Move,32870591,8
99,354,512,Move,32870599,8
97,354,512,Move,32870607,8
96,353,512,Move,32870615,8
94,353,512,Move,32870623,8
92,352,512,Move,32870631,8
92,351,512,Move,32870639,8
90,350,512,Move,32870647,8
88,350,512,Move,32870655,8
87,349,512,Move,32870663,8
86,348,512,Move,32870671,8
84,347,512,Move,32870679,8
83,347,512,Move,32870695,8
82,346,512,Move,32870703,8
81,346,512,Move,32870719,8
81,345,512,Move,32870727,8
80,345,512,Move,32870735,8
79,345,512,Move,32870743,8
79,344,512,Move,32870751,8
77,344,512,Move,32870759,8
75,343,512,Move,32870767,8
75,342,512,Move,32870775,8
72,341,512,Move,32870783,8
70,340,512,Move,32870791,8
68,340,512,Move,32870799,8
67,339,512,Move,32870807,8
65,338,512,Move,32870815,8
64,338,512,Move,32870823,8
64,337,512,Move,32870831,8
63,337,512,Move,32870839,8
62,337,512,Move,32870847,8
62,337,513,Pressed,32870951,8
62,337,514,Released,32871127,8
62,337,512,Move,32871134,8
62,337,512,Move,32873754,8
62,337,512,Move,32876112,8
62,337,512,Move,32876147,8
62,337,512,Move,32876172,8
62,337,512,Move,32876348,8
62,337,512,Move,32876544,8
62,337,512,Move,32876556,8
63,337,512,Move,32880063,8
64,337,512,Move,32880079,8
66,338,512,Move,32880095,8
69,340,512,Move,32880109,8
73,341,512,Move,32880111,8
77,343,512,Move,32880119,8
81,345,512,Move,32880127,8
86,346,512,Move,32880135,8
92,347,522,Unknown(522),32880143,8
92,347,512,Move,32880144,8
99,348,512,Move,32880151,8
99,348,512,Move,32880154,8
104,351,512,Move,32880159,8
104,351,512,Move,32880166,8
113,354,512,Move,32880167,8
124,358,512,Move,32880176,8
133,364,512,Move,32880183,8
133,364,512,Move,32880185,8
140,367,512,Move,32880191,8
140,367,512,Move,32880196,8
147,370,512,Move,32880199,8
153,372,522,Unknown(522),32880210,8
153,372,512,Move,32880210,8
153,372,512,Move,32880212,8
153,372,512,Move,32880214,8
157,374,512,Move,32880215,8
161,375,512,Move,32880223,8
164,376,512,Move,32880231,8
164,376,512,Move,32880233,8
167,379,512,Move,32880239,8
167,379,512,Move,32880243,8
169,381,512,Move,32880247,8
169,381,512,Move,32880254,8
174,384,512,Move,32880255,8
178,387,512,Move,32880263,8
178,387,512,Move,32880265,8
181,389,512,Move,32880271,8
181,389,512,Move,32880273,8
183,390,522,Unknown(522),32880279,8
183,390,512,Move,32880279,8
183,390,512,Move,32880283,8
186,391,512,Move,32880287,8
186,391,512,Move,32880293,8
188,391,512,Move,32880295,8
191,392,512,Move,32880308,8
191,392,512,Move,32880311,8
193,394,512,Move,32880311,8
193,394,512,Move,32880314,8
196,396,512,Move,32880319,8
196,396,512,Move,32880324,8
200,397,512,Move,32880327,8
200,397,512,Move,32880335,8
204,399,512,Move,32880335,8
207,400,512,Move,32880343,8
207,400,512,Move,32880345,8
210,401,512,Move,32880351,8
210,401,512,Move,32880354,8
214,403,522,Unknown(522),32880359,8
214,403,512,Move,32880359,8
214,403,512,Move,32880364,8
217,403,512,Move,32880367,8
217,403,512,Move,32880374,8
220,403,512,Move,32880375,8
223,403,512,Move,32880383,8
223,403,512,Move,32880385,8
227,405,512,Move,32880391,8
227,405,512,Move,32880395,8
231,407,512,Move,32880399,8
237,410,512,Move,32880410,8
237,410,512,Move,32880413,8
240,411,512,Move,32880416,8
246,413,512,Move,32880423,8
246,413,512,Move,32880425,8
256,416,512,Move,32880443,8
259,417,522,Unknown(522),32880466,8
266,419,512,Move,32880466,8
266,419,512,Move,32880469,8
269,419,512,Move,32880471,8
269,419,512,Move,32880473,8
269,419,512,Move,32880475,8
269,419,512,Move,32880477,8
273,420,512,Move,32880479,8
273,420,512,Move,32880483,8
278,423,512,Move,32880487,8
278,423,512,Move,32880491,8
282,424,512,Move,32880495,8
286,425,512,Move,32880505,8
286,425,512,Move,32880508,8
286,425,512,Move,32880511,8
289,425,512,Move,32880511,8
292,425,512,Move,32880519,8
292,425,512,Move,32880521,8
296,425,512,Move,32880527,8
300,425,512,Move,32880535,8
304,425,512,Move,32880543,8
308,426,512,Move,32880551,8
312,427,512,Move,32880559,8
315,427,512,Move,32880567,8
319,427,512,Move,32880575,8
325,429,512,Move,32880583,8
328,429,512,Move,32880591,8
331,429,512,Move,32880601,8
335,430,512,Move,32880607,8
340,430,512,Move,32880615,8
344,430,512,Move,32880623,8
349,432,512,Move,32880631,8
353,434,512,Move,32880639,8
358,436,512,Move,32880647,8
360,438,512,Move,32880655,8
363,438,512,Move,32880663,8
365,440,512,Move,32880671,8
366,440,512,Move,32880679,8
368,440,512,Move,32881655,8
369,440,512,Move,32881663,8
373,440,512,Move,32881671,8
376,442,512,Move,32881679,8
377,443,512,Move,32881687,8
378,443,512,Move,32881695,8
380,443,512,Move,32881703,8
384,443,512,Move,32881711,8
387,443,512,Move,32881719,8
392,444,512,Move,32881727,8
401,446,512,Move,32881735,8
410,447,512,Move,32881743,8
418,448,512,Move,32881751,8
427,452,512,Move,32881759,8
448,458,512,Move,32881780,8
460,460,512,Move,32881783,8
475,462,512,Move,32881791,8
490,464,512,Move,32881799,8
505,467,512,Move,32881807,8
541,473,512,Move,32881828,8
558,476,512,Move,32881831,8
574,478,512,Move,32881839,8
591,481,512,Move,32881847,8
606,484,512,Move,32881855,8
620,487,512,Move,32881863,8
630,488,512,Move,32881871,8
639,489,512,Move,32881879,8
646,490,512,Move,32881887,8
650,491,512,Move,32881895,8
651,492,512,Move,32881903,8
653,493,512,Move,32881911,8
654,494,512,Move,32881919,8
654,494,522,Unknown(522),32882335,8
654,494,512,Move,32882342,8
654,494,512,Move,32882354,8
654,494,512,Move,32882364,8
654,494,512,Move,32882376,8
654,494,512,Move,32882387,8
654,494,512,Move,32882397,8
654,494,522,Unknown(522),32882399,8
654,494,512,Move,32882406,8
654,494,512,Move,32882417,8
654,494,512,Move,32882427,8
654,494,512,Move,32882437,8
654,494,512,Move,32882447,8
654,494,512,Move,32882457,8
654,494,512,Move,32882467,8
654,494,512,Move,32882477,8
654,494,512,Move,32882485,8
654,494,522,Unknown(522),32882495,8
654,494,512,Move,32882496,8
654,494,512,Move,32882506,8
654,494,512,Move,32882517,8
654,494,512,Move,32882526,8
654,494,512,Move,32882536,8
654,494,512,Move,32882548,8
654,494,512,Move,32882559,8
654,494,512,Move,32882569,8
654,494,512,Move,32882578,8
654,494,512,Move,32882588,8
654,494,512,Move,32882597,8
654,494,522,Unknown(522),32883719,8
654,494,512,Move,32883737,8
654,494,512,Move,32883748,8
654,494,512,Move,32883770,8
654,494,512,Move,32883770,8
654,494,512,Move,32883772,8
654,494,512,Move,32883772,8
654,494,512,Move,32883774,8
654,494,512,Move,32883782,8
654,494,512,Move,32883817,8
654,494,512,Move,32883817,8
654,494,512,Move,32883819,8
654,494,512,Move,32883825,8
654,494,512,Move,32883826,8
654,494,512,Move,32883827,8
654,494,522,Unknown(522),32885071,8
654,494,512,Move,32885097,8
654,494,512,Move,32885097,8
654,494,512,Move,32885099,8
654,494,512,Move,32885099,8
654,494,512,Move,32885100,8
654,494,512,Move,32885114,8
654,494,512,Move,32885125,8
654,494,512,Move,32885139,8
654,494,512,Move,32885140,8
654,494,512,Move,32885142,8
654,494,512,Move,32885151,8
654,494,512,Move,32885173,8
654,494,512,Move,32885174,8
654,494,512,Move,32885175,8
654,494,512,Move,32885176,8
654,494,522,Unknown(522),32885215,8
654,494,512,Move,32885231,8
654,494,512,Move,32885231,8
654,494,512,Move,32885233,8
654,494,512,Move,32885245,8
654,494,512,Move,32885266,8
654,494,512,Move,32885266,8
654,494,512,Move,32885268,8
654,494,512,Move,32885277,8
654,494,522,Unknown(522),32885287,8
654,494,512,Move,32885298,8
654,494,512,Move,32885298,8
654,494,512,Move,32885300,8
654,494,512,Move,32885309,8
654,494,512,Move,32885331,8
654,494,512,Move,32885331,8
654,494,512,Move,32885333,8
654,494,512,Move,32885343,8
654,494,512,Move,32885357,8
654,494,512,Move,32885357,8
654,494,512,Move,32885359,8
654,494,512,Move,32885380,8
654,494,512,Move,32885380,8
654,494,512,Move,32885381,8
654,494,512,Move,32885382,8
654,494,522,Unknown(522),32885399,8
654,494,512,Move,32885419,8
654,494,512,Move,32885441,8
654,494,512,Move,32885441,8
654,494,512,Move,32885443,8
654,494,512,Move,32885443,8
654,494,512,Move,32885445,8
654,494,512,Move,32885453,8
654,494,522,Unknown(522),32885455,8
654,494,512,Move,32885469,8
654,494,512,Move,32885488,8
654,494,512,Move,32885488,8
654,494,512,Move,32885490,8
654,494,512,Move,32885499,8
654,494,512,Move,32885499,8
654,494,512,Move,32885501,8
654,494,512,Move,32885510,8
654,494,512,Move,32885533,8
654,494,512,Move,32885533,8
654,494,512,Move,32885535,8
654,494,512,Move,32885544,8
654,494,512,Move,32885566,8
654,494,512,Move,32885567,8
654,494,522,Unknown(522),32886804,8
654,494,512,Move,32886830,8
654,494,512,Move,32886830,8
654,494,512,Move,32886832,8
654,494,512,Move,32886840,8
654,494,512,Move,32886841,8
654,494,512,Move,32886842,8
654,494,512,Move,32886862,8
654,494,512,Move,32886862,8
654,494,512,Move,32886864,8
654,494,512,Move,32886872,8
654,494,522,Unknown(522),32886879,8
654,494,512,Move,32886886,8
654,494,512,Move,32886909,8
654,494,512,Move,32886909,8
654,494,512,Move,32886911,8
654,494,512,Move,32886921,8
654,494,512,Move,32886933,8
654,494,512,Move,32886933,8
654,494,512,Move,32886935,8
654,494,512,Move,32886991,8
654,494,512,Move,32886992,8
654,494,512,Move,32886994,8
654,494,512,Move,32886999,8
654,494,512,Move,32886999,8
654,494,512,Move,32887001,8
654,494,512,Move,32887001,8
654,494,522,Unknown(522),32888111,8
654,494,512,Move,32888126,8
654,494,512,Move,32888137,8
654,494,512,Move,32888138,8
654,494,512,Move,32888139,8
654,494,512,Move,32888159,8
654,494,512,Move,32888159,8
654,494,512,Move,32888160,8
654,494,512,Move,32888170,8
654,494,512,Move,32888192,8
654,494,512,Move,32888192,8
654,494,512,Move,32888194,8
654,494,512,Move,32888220,8
654,494,512,Move,32888221,8
654,494,512,Move,32888222,8
654,494,512,Move,32888223,8
654,494,522,Unknown(522),32888399,8
654,494,512,Move,32888422,8
654,494,512,Move,32888422,8
654,494,512,Move,32888424,8
654,494,512,Move,32888433,8
654,494,512,Move,32888455,8
654,494,512,Move,32888455,8
654,494,512,Move,32888457,8
654,494,512,Move,32888485,8
654,494,512,Move,32888496,8
654,494,512,Move,32888496,8
654,494,512,Move,32888498,8
654,494,512,Move,32888498,8
654,494,512,Move,32888499,8
654,494,512,Move,32888500,8
654,494,512,Move,32888502,8
654,494,522,Unknown(522),32888695,8
654,494,512,Move,32888704,8
654,494,512,Move,32888715,8
654,494,512,Move,32888735,8
654,494,512,Move,32888735,8
654,494,512,Move,32888737,8
654,494,512,Move,32888748,8
654,494,512,Move,32888770,8
654,494,512,Move,32888770,8
654,494,512,Move,32888772,8
654,494,512,Move,32888782,8
654,494,512,Move,32888793,8
654,494,512,Move,32888810,8
654,494,512,Move,32888811,8
654,494,522,Unknown(522),32889639,8
654,494,512,Move,32889655,8
654,494,512,Move,32889655,8
654,494,512,Move,32889657,8
654,494,512,Move,32889667,8
654,494,512,Move,32889689,8
654,494,512,Move,32889689,8
654,494,512,Move,32889691,8
654,494,512,Move,32889701,8
654,494,522,Unknown(522),32889711,8
654,494,512,Move,32889723,8
654,494,512,Move,32889724,8
654,494,512,Move,32889725,8
654,494,512,Move,32889731,8
654,494,512,Move,32889753,8
654,494,512,Move,32889754,8
654,494,512,Move,32889755,8
654,494,512,Move,32889764,8
654,494,512,Move,32889776,8
654,494,512,Move,32889798,8
654,494,512,Move,32889799,8
654,494,512,Move,32889800,8
654,494,512,Move,32889801,8
654,494,512,Move,32889802,8
654,494,522,Unknown(522),32890431,8
654,494,512,Move,32890448,8
654,494,512,Move,32890448,8
654,494,512,Move,32890449,8
654,494,512,Move,32890470,8
654,494,512,Move,32890470,8
654,494,512,Move,32890472,8
654,494,522,Unknown(522),32890479,8
654,494,512,Move,32890481,8
654,494,512,Move,32890496,8
654,494,512,Move,32890518,8
654,494,512,Move,32890519,8
654,494,512,Move,32890520,8
654,494,512,Move,32890530,8
654,494,512,Move,32890530,8
654,494,512,Move,32890532,8
654,494,522,Unknown(522),32890535,8
654,494,512,Move,32890552,8
654,494,512,Move,32890552,8
654,494,512,Move,32890553,8
654,494,512,Move,32890563,8
654,494,512,Move,32890575,8
654,494,512,Move,32890597,8
654,494,512,Move,32890598,8
654,494,512,Move,32890599,8
654,494,512,Move,32890604,8
654,494,512,Move,32890645,8
654,494,512,Move,32890645,8
654,494,512,Move,32890647,8
654,494,512,Move,32890657,8
654,494,512,Move,32890657,8
654,494,522,Unknown(522),32895487,8
654,494,512,Move,32895499,8
654,494,512,Move,32895499,8
654,494,512,Move,32895501,8
654,494,512,Move,32895511,8
654,494,512,Move,32895532,8
654,494,512,Move,32895544,8
654,494,512,Move,32895544,8
654,494,512,Move,32895546,8
654,494,512,Move,32895566,8
654,494,512,Move,32895567,8
654,494,522,Unknown(522),32895567,8
654,494,512,Move,32895569,8
654,494,512,Move,32895578,8
654,494,512,Move,32895588,8
654,494,512,Move,32895610,8
654,494,512,Move,32895610,8
654,494,512,Move,32895613,8
654,494,512,Move,32895622,8
654,494,512,Move,32895637,8
654,494,512,Move,32895637,8
654,494,512,Move,32895639,8
654,494,512,Move,32895659,8
654,494,512,Move,32895659,8
654,494,512,Move,32895661,8
653,496,512,Move,32898415,8
652,497,512,Move,32898423,8
648,502,512,Move,32898431,8
642,505,512,Move,32898439,8
629,510,512,Move,32898460,8
624,513,512,Move,32898464,8
618,515,512,Move,32898471,8
614,518,512,Move,32898479,8
611,518,512,Move,32898487,8
608,519,512,Move,32898495,8
606,519,512,Move,32898503,8
603,519,512,Move,32898511,8
600,519,512,Move,32898519,8
599,519,512,Move,32898527,8
596,519,512,Move,32898535,8
594,519,512,Move,32898543,8
592,519,512,Move,32898551,8
590,519,512,Move,32898559,8
587,519,512,Move,32898567,8
586,519,512,Move,32898575,8
583,519,512,Move,32898583,8
581,519,512,Move,32898591,8
579,519,512,Move,32898599,8
576,519,512,Move,32898607,8
574,519,512,Move,32898615,8
572,519,512,Move,32898623,8
569,519,512,Move,32898631,8
567,519,512,Move,32898639,8
565,519,512,Move,32898647,8
563,519,512,Move,32898655,8
562,518,512,Move,32898663,8
560,518,512,Move,32898671,8
558,517,512,Move,32898679,8
557,517,512,Move,32898687,8
555,516,512,Move,32898695,8
554,515,512,Move,32898703,8
553,514,512,Move,32898719,8
551,514,512,Move,32898727,8
551,513,512,Move,32898735,8
550,513,512,Move,32898743,8
550,512,512,Move,32898751,8
549,512,512,Move,32898759,8
549,511,512,Move,32898767,8
547,509,512,Move,32898775,8
545,507,512,Move,32898783,8
543,506,512,Move,32898791,8
542,505,512,Move,32898799,8
541,505,512,Move,32898807,8
541,504,512,Move,32898815,8
540,503,512,Move,32898836,8
539,503,512,Move,32898839,8
538,503,512,Move,32898847,8
538,502,512,Move,32898855,8
537,502,512,Move,32898863,8
537,501,512,Move,32898871,8
537,500,512,Move,32898895,8
536,500,512,Move,32898903,8
536,499,512,Move,32898911,8
535,499,512,Move,32898919,8
535,498,512,Move,32898927,8
534,498,512,Move,32898943,8
534,497,512,Move,32898952,8
533,497,512,Move,32898975,8
533,496,512,Move,32898999,8
533,496,516,Pressed,32899391,8
533,496,517,Released,32899503,8
533,496,512,Move,32899547,8
533,496,512,Move,32899552,8
533,496,512,Move,32899555,8
535,499,512,Move,32899863,8
542,507,512,Move,32899886,8
547,510,512,Move,32899888,8
551,516,512,Move,32899908,8
552,519,512,Move,32899911,8
554,522,512,Move,32899919,8
556,525,512,Move,32899927,8
558,527,512,Move,32899935,8
560,529,512,Move,32899943,8
560,530,512,Move,32899951,8
561,531,512,Move,32899959,8
562,532,512,Move,32899967,8
562,532,513,Pressed,32900175,8
562,532,514,Released,32900271,8
562,532,512,Move,32900326,8
562,532,522,Unknown(522),32900847,8
562,532,512,Move,32900859,8
562,532,512,Move,32900859,8
562,532,512,Move,32900861,8
562,532,512,Move,32900870,8
562,532,512,Move,32900890,8
562,532,512,Move,32900891,8
562,532,512,Move,32900892,8
562,532,512,Move,32900902,8
562,532,522,Unknown(522),32900919,8
562,532,512,Move,32900923,8
562,532,512,Move,32900924,8
562,532,512,Move,32900925,8
562,532,512,Move,32900935,8
562,532,512,Move,32900957,8
562,532,512,Move,32900957,8
562,532,512,Move,32900959,8
562,532,512,Move,32900969,8
562,532,512,Move,32900980,8
562,532,522,Unknown(522),32900991,8
562,532,512,Move,32900995,8
562,532,512,Move,32901017,8
562,532,512,Move,32901018,8
562,532,512,Move,32901019,8
562,532,512,Move,32901019,8
562,532,512,Move,32901021,8
562,532,512,Move,32901028,8
562,532,512,Move,32901051,8
562,532,512,Move,32901052,8
562,532,512,Move,32901053,8
562,532,512,Move,32901062,8
562,532,512,Move,32901073,8
562,532,512,Move,32901096,8
562,532,512,Move,32901096,8
560,535,512,Move,32901839,8
562,535,512,Move,32901855,8
564,535,512,Move,32901863,8
568,534,512,Move,32901871,8
572,533,512,Move,32901879,8
576,533,512,Move,32901887,8
580,532,512,Move,32901895,8
587,530,512,Move,32901903,8
601,528,512,Move,32901925,8
609,527,512,Move,32901927,8
618,526,512,Move,32901935,8
628,524,512,Move,32901943,8
638,522,512,Move,32901951,8
647,520,512,Move,32901959,8
657,519,512,Move,32901967,8
666,518,512,Move,32901975,8
681,518,512,Move,32901997,8
686,518,512,Move,32901999,8
691,518,512,Move,32902007,8
695,518,512,Move,32902015,8
698,518,512,Move,32902023,8
700,518,512,Move,32902031,8
701,518,512,Move,32902039,8
702,518,512,Move,32902047,8
703,520,512,Move,32902055,8
703,521,512,Move,32902071,8
703,522,512,Move,32902079,8
701,522,512,Move,32902087,8
699,522,512,Move,32902095,8
697,522,512,Move,32902103,8
707,520,512,Move,32902384,8
708,520,512,Move,32902391,8
709,520,512,Move,32902399,8
710,519,512,Move,32902407,8
712,518,512,Move,32902415,8
714,517,512,Move,32902423,8
717,516,512,Move,32902431,8
718,515,512,Move,32902439,8
720,515,512,Move,32902447,8
722,513,512,Move,32902455,8
723,513,512,Move,32902463,8
725,512,512,Move,32902471,8
728,510,512,Move,32902492,8
730,509,512,Move,32902495,8
732,509,512,Move,32902503,8
732,508,512,Move,32902511,8
734,507,512,Move,32902519,8
735,507,512,Move,32902527,8
735,506,512,Move,32902543,8
735,506,522,Unknown(522),32902751,8
735,506,512,Move,32902756,8
735,506,512,Move,32902765,8
735,506,512,Move,32902777,8
735,506,512,Move,32902787,8
735,506,512,Move,32902797,8
735,506,522,Unknown(522),32902807,8
735,506,512,Move,32902809,8
735,506,512,Move,32902819,8
735,506,512,Move,32902829,8
735,506,512,Move,32902840,8
735,506,512,Move,32902850,8
735,506,512,Move,32902861,8
735,506,522,Unknown(522),32902863,8
735,506,512,Move,32902871,8
735,506,512,Move,32902882,8
735,506,512,Move,32902892,8
735,506,512,Move,32902902,8
735,506,512,Move,32902912,8
735,506,512,Move,32902923,8
735,506,512,Move,32902933,8
735,506,512,Move,32902942,8
735,506,512,Move,32902952,8
735,506,512,Move,32902962,8
735,506,522,Unknown(522),32904623,8
735,506,512,Move,32904635,8
735,506,512,Move,32904644,8
735,506,512,Move,32904654,8
735,506,522,Unknown(522),32904663,8
735,506,512,Move,32904665,8
735,506,512,Move,32904675,8
735,506,512,Move,32904685,8
735,506,512,Move,32904694,8
735,506,512,Move,32904704,8
735,506,512,Move,32904714,8
735,506,512,Move,32904724,8
735,506,512,Move,32904734,8
735,506,522,Unknown(522),32904735,8
735,506,512,Move,32904744,8
735,506,512,Move,32904754,8
735,506,512,Move,32904764,8
735,506,512,Move,32904774,8
735,506,512,Move,32904784,8
735,506,512,Move,32904795,8
735,506,512,Move,32904805,8
735,506,512,Move,32904814,8
735,506,512,Move,32904824,8
735,506,512,Move,32904835,8
733,506,512,Move,32906167,8
732,506,512,Move,32906175,8
731,506,512,Move,32906183,8
729,506,512,Move,32906191,8
726,506,512,Move,32906199,8
724,505,512,Move,32906207,8
719,505,512,Move,32906215,8
713,503,512,Move,32906223,8
705,502,512,Move,32906231,8
696,500,512,Move,32906239,8
686,498,512,Move,32906247,8
674,497,512,Move,32906255,8
662,494,512,Move,32906263,8
650,492,512,Move,32906271,8
638,490,512,Move,32906279,8
626,488,512,Move,32906287,8
616,487,512,Move,32906295,8
606,484,512,Move,32906303,8
597,480,512,Move,32906311,8
588,478,512,Move,32906319,8
581,476,512,Move,32906327,8
575,474,512,Move,32906335,8
571,472,512,Move,32906343,8
567,471,512,Move,32906351,8
564,470,512,Move,32906359,8
562,469,512,Move,32906367,8
560,468,512,Move,32906375,8
557,467,512,Move,32906383,8
555,465,512,Move,32906391,8
554,464,512,Move,32906399,8
552,462,512,Move,32906407,8
550,460,512,Move,32906415,8
548,460,512,Move,32906423,8
546,458,512,Move,32906431,8
544,457,512,Move,32906439,8
541,456,512,Move,32906447,8
540,455,512,Move,32906456,8
538,453,512,Move,32906463,8
536,452,512,Move,32906471,8
535,452,512,Move,32906479,8
535,451,512,Move,32906487,8
534,450,512,Move,32906495,8
534,449,512,Move,32906503,8
533,449,512,Move,32906511,8
533,448,512,Move,32906527,8
533,447,512,Move,32906535,8
533,446,512,Move,32906551,8
532,445,512,Move,32906559,8
532,444,512,Move,32906567,8
532,443,512,Move,32906599,8
532,442,512,Move,32906622,8
532,441,512,Move,32906623,8
532,440,512,Move,32906639,8
532,439,512,Move,32906655,8
532,438,512,Move,32906695,8
532,437,512,Move,32906711,8
532,437,516,Pressed,32906999,8
532,437,517,Released,32907071,8
532,437,512,Move,32907093,8
532,437,512,Move,32907095,8
532,439,512,Move,32907367,8
541,448,512,Move,32907390,8
546,454,512,Move,32907394,8
556,467,512,Move,32907417,8
559,471,512,Move,32907423,8
561,474,512,Move,32907431,8
564,476,512,Move,32907439,8
565,477,512,Move,32907447,8
566,478,512,Move,32907455,8
567,479,512,Move,32907463,8
567,479,513,Pressed,32907671,8
567,479,514,Released,32907775,8
567,479,512,Move,32907827,8
567,479,522,Unknown(522),32912319,8
567,479,512,Move,32912331,8
567,479,512,Move,32912341,8
567,479,512,Move,32912351,8
567,479,512,Move,32912361,8
567,479,512,Move,32912371,8
567,479,522,Unknown(522),32912450,8
567,479,512,Move,32912452,8
567,479,512,Move,32912456,8
567,479,512,Move,32912457,8
567,479,512,Move,32912459,8
567,479,512,Move,32912460,8
567,479,512,Move,32912463,8
567,479,512,Move,32912465,8
567,479,512,Move,32912467,8
567,479,512,Move,32912470,8
567,479,512,Move,32912471,8
567,479,522,Unknown(522),32914007,8
567,479,512,Move,32914017,8
567,479,512,Move,32914026,8
567,479,512,Move,32914036,8
567,479,512,Move,32914047,8
567,479,512,Move,32914058,8
567,479,512,Move,32914068,8
567,479,512,Move,32914078,8
567,479,512,Move,32914089,8
567,479,512,Move,32914099,8
567,479,512,Move,32914108,8
565,482,512,Move,32914823,8
562,485,512,Move,32914831,8
559,489,512,Move,32914839,8
555,494,512,Move,32914849,8
553,496,512,Move,32914855,8
550,500,512,Move,32914863,8
547,505,512,Move,32914871,8
544,509,512,Move,32914879,8
541,514,512,Move,32914887,8
534,522,512,Move,32914910,8
531,525,512,Move,32914912,8
529,527,512,Move,32914919,8
528,530,512,Move,32914927,8
524,534,512,Move,32914950,8
522,536,512,Move,32914952,8
520,538,512,Move,32914959,8
519,539,512,Move,32914967,8
518,539,512,Move,32914983,8
519,539,512,Move,32914991,8
516,540,512,Move,32914999,8
515,540,512,Move,32915399,8
514,540,512,Move,32915407,8
514,542,512,Move,32915415,8
513,542,512,Move,32915423,8
512,542,512,Move,32915455,8
512,541,512,Move,32915543,8
512,540,512,Move,32915560,8
512,539,512,Move,32915583,8
511,539,512,Move,32915608,8
511,539,512,Move,32915622,8
511,538,512,Move,32915623,8
511,537,512,Move,32915639,8
511,536,512,Move,32915695,8
511,535,512,Move,32915711,8
511,534,512,Move,32915735,8
511,533,512,Move,32915771,8
510,533,512,Move,32915847,8
510,534,512,Move,32915855,8
508,535,512,Move,32915868,8
507,539,512,Move,32915871,8
504,541,512,Move,32915879,8
501,547,512,Move,32915887,8
499,551,512,Move,32915895,8
495,559,512,Move,32915903,8
492,566,512,Move,32915911,8
490,575,512,Move,32915919,8
489,582,512,Move,32915929,8
488,589,512,Move,32915936,8
488,589,512,Move,32915939,8
486,597,512,Move,32915943,8
485,604,512,Move,32915951,8
484,610,512,Move,32915959,8
483,615,512,Move,32915967,8
481,621,512,Move,32915975,8
479,626,512,Move,32915998,8
478,628,512,Move,32916000,8
477,629,512,Move,32916007,8
477,630,512,Move,32916015,8
477,630,512,Move,32916190,8
476,630,512,Move,32916311,8
476,630,513,Pressed,32916791,8
476,630,514,Released,32916927,8
476,630,512,Move,32916935,8
476,630,512,Move,32918310,8
476,630,512,Move,32918548,8
476,629,512,Move,32919919,8
476,628,512,Move,32919943,8
476,627,512,Move,32919991,8
476,626,512,Move,32921850,8
476,625,512,Move,32921855,8
477,624,512,Move,32921871,8
478,622,512,Move,32921879,8
480,620,512,Move,32921887,8
481,617,512,Move,32921895,8
484,614,512,Move,32921903,8
486,610,512,Move,32921911,8
490,604,512,Move,32921919,8
494,594,512,Move,32921927,8
500,583,512,Move,32921935,8
506,572,512,Move,32921947,8
513,560,512,Move,32921951,8
520,546,512,Move,32921959,8
525,529,512,Move,32921967,8
533,510,512,Move,32921975,8
541,480,512,Move,32921983,8
549,455,512,Move,32921991,8
555,429,512,Move,32921999,8
558,407,512,Move,32922007,8
565,373,512,Move,32922028,8
565,330,512,Move,32922050,8
563,316,512,Move,32922055,8
559,295,512,Move,32922067,8
557,278,512,Move,32922071,8
552,245,512,Move,32922092,8
549,195,512,Move,32922114,8
547,181,512,Move,32922119,8
544,168,512,Move,32922127,8
540,154,512,Move,32922135,8
538,137,512,Move,32922156,8
533,125,512,Move,32922179,8
530,124,512,Move,32922193,8
527,124,512,Move,32922199,8
525,125,512,Move,32922207,8
525,126,512,Move,32922405,8
525,127,512,Move,32922407,8
525,130,512,Move,32922415,8
523,139,512,Move,32922423,8
522,143,512,Move,32922431,8
521,146,512,Move,32922439,8
523,154,512,Move,32922465,8
526,155,512,Move,32922472,8
529,155,512,Move,32922479,8
534,155,512,Move,32922509,8
536,153,512,Move,32922525,8
540,149,512,Move,32922542,8
547,145,512,Move,32922560,8
556,139,512,Move,32922605,8
559,137,512,Move,32922618,8
561,136,512,Move,32922633,8
563,134,512,Move,32922659,8
563,133,512,Move,32922663,8
564,133,512,Move,32922671,8
565,132,512,Move,32922679,8
565,131,512,Move,32922687,8
565,130,512,Move,32922703,8
565,129,512,Move,32922716,8
566,128,512,Move,32922719,8
566,127,512,Move,32922735,8
566,126,512,Move,32922743,8
567,126,512,Move,32922759,8
567,125,512,Move,32922767,8
567,124,512,Move,32922775,8
567,124,513,Pressed,32922839,8
567,124,512,Move,32922865,8
567,124,514,Released,32923014,8
567,124,512,Move,32923018,8
567,125,512,Move,32923126,8
567,126,512,Move,32923127,8
567,127,512,Move,32923147,8
567,128,512,Move,32923151,8
566,128,512,Move,32923159,8
566,130,512,Move,32923167,8
565,131,512,Move,32923175,8
565,132,512,Move,32923183,8
565,133,512,Move,32923191,8
565,134,512,Move,32923204,8
564,135,512,Move,32923215,8
564,136,512,Move,32923223,8
563,136,512,Move,32923239,8
563,137,512,Move,32923247,8
562,137,512,Move,32923255,8
561,137,512,Move,32923263,8
561,138,512,Move,32923271,8
560,138,512,Move,32923284,8
559,139,512,Move,32923287,8
558,139,512,Move,32923305,8
555,140,512,Move,32923328,8
555,140,512,Move,32923329,8
555,140,512,Move,32923341,8
554,140,512,Move,32923343,8
553,140,512,Move,32923351,8
552,141,512,Move,32923363,8
552,142,512,Move,32923367,8
550,143,512,Move,32923375,8
548,143,512,Move,32923383,8
547,145,512,Move,32923391,8
545,146,512,Move,32923399,8
543,147,512,Move,32923407,8
542,149,512,Move,32923415,8
540,149,512,Move,32923431,8
538,151,512,Move,32923444,8
537,152,512,Move,32923447,8
535,152,512,Move,32923456,8
532,153,512,Move,32923463,8
530,153,512,Move,32923471,8
528,154,512,Move,32923479,8
524,155,512,Move,32923487,8
521,157,512,Move,32923495,8
516,158,512,Move,32923503,8
510,160,512,Move,32923511,8
505,161,512,Move,32923524,8
500,163,512,Move,32923527,8
494,164,512,Move,32923535,8
487,164,512,Move,32923543,8
479,164,512,Move,32923551,8
472,164,512,Move,32923559,8
464,164,512,Move,32923567,8
457,164,512,Move,32923575,8
450,161,512,Move,32923583,8
444,160,512,Move,32923591,8
439,160,512,Move,32923599,8
435,159,512,Move,32923612,8
431,158,512,Move,32923615,8
428,158,512,Move,32923623,8
425,157,512,Move,32923631,8
422,157,512,Move,32923639,8
418,156,512,Move,32923647,8
416,154,512,Move,32923655,8
412,154,512,Move,32923663,8
409,153,512,Move,32923671,8
406,151,512,Move,32923679,8
403,151,512,Move,32923687,8
399,150,512,Move,32923700,8
396,150,512,Move,32923703,8
393,149,512,Move,32923711,8
390,149,512,Move,32923719,8
387,148,512,Move,32923727,8
384,147,512,Move,32923735,8
381,146,512,Move,32923743,8
379,145,512,Move,32923751,8
376,144,512,Move,32923759,8
374,143,512,Move,32923767,8
371,141,512,Move,32923775,8
367,139,512,Move,32923792,8
365,139,512,Move,32923799,8
364,137,512,Move,32923807,8
362,137,512,Move,32923815,8
361,136,512,Move,32923823,8
360,134,512,Move,32923832,8
359,133,512,Move,32923839,8
357,133,512,Move,32923847,8
357,131,512,Move,32923855,8
356,130,512,Move,32923863,8
354,130,512,Move,32923871,8
353,128,512,Move,32923883,8
352,127,512,Move,32923887,8
351,127,512,Move,32923895,8
350,125,512,Move,32923903,8
350,124,512,Move,32923911,8
348,124,512,Move,32923919,8
347,122,512,Move,32923927,8
346,122,512,Move,32923935,8
346,121,512,Move,32923943,8
345,121,512,Move,32923951,8
344,121,512,Move,32923959,8
344,120,512,Move,32924047,8
344,120,513,Pressed,32924063,8
344,120,512,Move,32924116,8
344,120,514,Released,32924179,8
344,120,512,Move,32924182,8
343,120,512,Move,32924199,8
339,121,512,Move,32924207,8
335,122,512,Move,32924215,8
330,124,512,Move,32924223,8
324,126,512,Move,32924231,8
317,127,512,Move,32924239,8
310,128,512,Move,32924247,8
305,128,512,Move,32924255,8
298,129,512,Move,32924263,8
293,130,512,Move,32924276,8
286,131,512,Move,32924279,8
281,131,512,Move,32924287,8
274,131,512,Move,32924295,8
269,131,512,Move,32924303,8
262,131,512,Move,32924311,8
257,131,512,Move,32924319,8
250,131,512,Move,32924327,8
243,131,512,Move,32924335,8
236,131,512,Move,32924343,8
231,131,512,Move,32924351,8
224,131,512,Move,32924359,8
219,129,512,Move,32924373,8
214,128,512,Move,32924375,8
208,127,512,Move,32924383,8
204,127,512,Move,32924391,8
201,127,512,Move,32924399,8
198,127,512,Move,32924407,8
195,126,512,Move,32924415,8
194,125,512,Move,32924423,8
193,125,512,Move,32924431,8
192,124,512,Move,32924439,8
191,123,512,Move,32924447,8
190,123,512,Move,32924463,8
189,123,512,Move,32924476,8
189,122,512,Move,32924479,8
188,122,512,Move,32924487,8
187,122,512,Move,32924495,8
187,121,512,Move,32924503,8
186,121,512,Move,32924519,8
186,120,512,Move,32924543,8
186,120,513,Pressed,32924631,8
186,120,512,Move,32924673,8
186,120,512,Move,32924674,8
186,120,514,Released,32924743,8
186,120,512,Move,32924746,8
186,121,512,Move,32924839,8
186,122,512,Move,32924855,8
192,133,512,Move,32924935,8
196,136,512,Move,32924948,8
201,139,512,Move,32924951,8
207,144,512,Move,32924959,8
214,149,512,Move,32924967,8
222,156,512,Move,32924975,8
230,161,512,Move,32924983,8
240,169,512,Move,32924991,8
250,175,512,Move,32924999,8
264,184,512,Move,32925007,8
278,195,512,Move,32925015,8
298,209,512,Move,32925023,8
318,221,512,Move,32925031,8
350,235,512,Move,32925044,8
383,251,512,Move,32925047,8
411,262,512,Move,32925055,8
437,273,512,Move,32925063,8
461,290,512,Move,32925071,8
491,310,512,Move,32925079,8
521,328,512,Move,32925087,8
543,344,512,Move,32925095,8
553,352,512,Move,32925103,8
573,367,512,Move,32925111,8
618,399,512,Move,32925133,8
656,429,512,Move,32925156,8
673,445,512,Move,32925179,8
677,448,512,Move,32925193,8
677,449,512,Move,32925199,8
677,450,512,Move,32925207,8
675,450,512,Move,32925215,8
672,448,512,Move,32925223,8
668,447,512,Move,32925231,8
664,446,512,Move,32925239,8
665,446,512,Move,32925471,8
667,446,512,Move,32925484,8
671,446,512,Move,32925487,8
675,446,512,Move,32925495,8
679,447,512,Move,32925503,8
683,448,512,Move,32925511,8
687,451,512,Move,32925519,8
689,451,512,Move,32925527,8
690,451,512,Move,32925535,8
690,451,522,Unknown(522),32926527,8
690,451,512,Move,32926550,8
690,451,512,Move,32926550,8
690,451,512,Move,32926552,8
690,451,512,Move,32926561,8
690,451,512,Move,32926583,8
690,451,512,Move,32926584,8
690,451,512,Move,32926585,8
690,451,512,Move,32926603,8
690,451,512,Move,32926615,8
690,451,512,Move,32926615,8
690,451,512,Move,32926617,8
690,451,512,Move,32926626,8
690,451,512,Move,32926638,8
690,451,512,Move,32926638,8
690,451,522,Unknown(522),32926775,8
690,451,512,Move,32926794,8
690,451,512,Move,32926808,8
690,451,512,Move,32926808,8
690,451,512,Move,32926821,8
690,451,512,Move,32926830,8
690,451,512,Move,32926831,8
690,451,512,Move,32926832,8
690,451,512,Move,32926842,8
690,451,512,Move,32926864,8
690,451,512,Move,32926865,8
690,451,512,Move,32926866,8
690,451,512,Move,32926866,8
690,451,512,Move,32926868,8
690,451,512,Move,32926876,8
690,451,522,Unknown(522),32928831,8
690,451,512,Move,32928843,8
690,451,512,Move,32928843,8
690,451,512,Move,32928857,8
690,451,512,Move,32928865,8
690,451,512,Move,32928865,8
690,451,512,Move,32928867,8
690,451,512,Move,32928877,8
690,451,512,Move,32928891,8
690,451,522,Unknown(522),32928895,8
690,451,512,Move,32928903,8
690,451,512,Move,32928924,8
690,451,512,Move,32928925,8
690,451,512,Move,32928926,8
690,451,512,Move,32928943,8
690,451,512,Move,32928943,8
690,451,512,Move,32928945,8
690,451,512,Move,32928945,8
690,451,512,Move,32928970,8
690,451,512,Move,32928970,8
690,451,512,Move,32928972,8
690,451,512,Move,32928972,8
690,451,512,Move,32928974,8
690,451,512,Move,32928981,8
690,451,512,Move,32928995,8
688,452,512,Move,32929095,8
687,452,512,Move,32929103,8
685,453,512,Move,32929111,8
682,454,512,Move,32929119,8
679,456,512,Move,32929127,8
674,458,512,Move,32929135,8
668,460,512,Move,32929143,8
661,463,512,Move,32929151,8
654,465,512,Move,32929159,8
645,466,512,Move,32929172,8
638,468,512,Move,32929175,8
630,469,512,Move,32929183,8
623,470,512,Move,32929191,8
616,471,512,Move,32929199,8
609,471,512,Move,32929207,8
604,471,512,Move,32929215,8
600,470,512,Move,32929223,8
596,469,512,Move,32929231,8
594,468,512,Move,32929239,8
593,467,512,Move,32929247,8
591,467,512,Move,32929255,8
589,466,512,Move,32929263,8
588,465,512,Move,32929276,8
587,465,512,Move,32929279,8
585,464,512,Move,32929287,8
584,463,512,Move,32929295,8
582,462,512,Move,32929303,8
579,461,512,Move,32929311,8
577,460,512,Move,32929319,8
576,459,512,Move,32929327,8
573,458,512,Move,32929335,8
570,458,512,Move,32929343,8
568,457,512,Move,32929351,8
566,456,512,Move,32929359,8
564,455,512,Move,32929367,8
562,453,512,Move,32929390,8
560,453,512,Move,32929391,8
559,452,512,Move,32929404,8
559,451,512,Move,32929407,8
558,450,512,Move,32929415,8
557,450,512,Move,32929423,8
557,449,512,Move,32929431,8
556,449,512,Move,32929439,8
555,448,512,Move,32929447,8
555,447,512,Move,32929455,8
554,447,512,Move,32929471,8
554,446,512,Move,32929479,8
554,446,516,Pressed,32929647,8
554,446,517,Released,32929730,8
554,446,512,Move,32929752,8
554,446,512,Move,32929756,8
554,446,518,doubleclick,32929783,8
554,446,517,Released,32929815,8
554,446,512,Move,32929889,8
554,446,512,Move,32929920,8
554,446,512,Move,32929958,8
562,460,512,Move,32929991,8
577,477,512,Move,32930020,8
583,484,512,Move,32930034,8
585,488,512,Move,32930045,8
590,495,512,Move,32930065,8
591,496,512,Move,32930071,8
591,494,512,Move,32930197,8
591,493,512,Move,32930209,8
591,489,512,Move,32930231,8
591,487,512,Move,32930255,8
591,485,512,Move,32930289,8
591,485,512,Move,32930299,8
591,484,512,Move,32930313,8
591,484,513,Pressed,32930439,8
591,484,514,Released,32930535,8
591,484,512,Move,32930618,8
591,484,512,Move,32930693,8
591,484,512,Move,32930717,8
591,484,512,Move,32931174,8
591,484,512,Move,32931201,8
591,484,512,Move,32931468,8
591,484,512,Move,32931688,8
591,484,522,Unknown(522),32931783,8
591,484,512,Move,32931815,8
591,484,512,Move,32931815,8
591,484,512,Move,32931816,8
591,484,512,Move,32931817,8
591,484,512,Move,32931818,8
591,484,522,Unknown(522),32931823,8
591,484,512,Move,32931841,8
591,484,512,Move,32931841,8
591,484,512,Move,32931843,8
591,484,512,Move,32931863,8
591,484,512,Move,32931863,8
591,484,512,Move,32931864,8
591,484,522,Unknown(522),32931871,8
591,484,512,Move,32931874,8
591,484,512,Move,32931875,8
591,484,512,Move,32931889,8
591,484,512,Move,32931896,8
591,484,512,Move,32931896,8
591,484,512,Move,32931898,8
591,484,512,Move,32931914,8
591,484,512,Move,32931914,8
591,484,512,Move,32931916,8
591,484,512,Move,32931925,8
591,484,512,Move,32931936,8
591,484,512,Move,32931949,8
591,484,512,Move,32931949,8
591,484,512,Move,32931951,8
591,484,522,Unknown(522),32931991,8
591,484,512,Move,32932005,8
591,484,512,Move,32932005,8
591,484,512,Move,32932007,8
591,484,512,Move,32932016,8
591,484,512,Move,32932028,8
591,484,512,Move,32932050,8
591,484,512,Move,32932050,8
591,484,512,Move,32932052,8
591,484,512,Move,32932081,8
591,484,512,Move,32932082,8
591,484,512,Move,32932083,8
591,484,512,Move,32932083,8
591,484,512,Move,32932098,8
591,484,512,Move,32932111,8
591,484,512,Move,32932111,8
591,484,512,Move,32932779,8
591,484,522,Unknown(522),32932861,8
591,484,512,Move,32932877,8
591,484,512,Move,32932888,8
591,484,512,Move,32932888,8
591,484,512,Move,32932890,8
591,484,522,Unknown(522),32932895,8
591,484,512,Move,32932910,8
591,484,512,Move,32932910,8
591,484,512,Move,32932912,8
591,484,512,Move,32932921,8
591,484,512,Move,32932936,8
591,484,512,Move,32932966,8
591,484,512,Move,32932967,8
591,484,512,Move,32932982,8
591,484,512,Move,32932990,8
591,484,512,Move,32932990,8
591,484,512,Move,32932992,8
591,484,512,Move,32932992,8
591,484,512,Move,32932994,8
591,484,512,Move,32932994,8
591,484,512,Move,32932996,8
591,484,512,Move,32933218,8
590,482,512,Move,32933303,8
589,479,512,Move,32933311,8
585,473,512,Move,32933326,8
579,462,512,Move,32933328,8
575,455,512,Move,32933335,8
568,445,512,Move,32933343,8
563,438,512,Move,32933351,8
557,429,512,Move,32933359,8
551,417,512,Move,32933367,8
545,406,512,Move,32933375,8
540,398,512,Move,32933383,8
535,392,512,Move,32933397,8
530,386,512,Move,32933399,8
526,380,512,Move,32933407,8
523,376,512,Move,32933415,8
521,372,512,Move,32933423,8
520,369,512,Move,32933431,8
518,366,512,Move,32933439,8
517,364,512,Move,32933447,8
517,361,512,Move,32933455,8
515,359,512,Move,32933463,8
515,358,512,Move,32933471,8
515,355,512,Move,32933479,8
515,353,512,Move,32933493,8
514,352,512,Move,32933495,8
514,349,512,Move,32933503,8
513,347,512,Move,32933511,8
513,345,512,Move,32933527,8
512,343,512,Move,32933535,8
512,342,512,Move,32933551,8
512,341,512,Move,32933559,8
512,340,512,Move,32933567,8
511,339,512,Move,32933583,8
511,338,512,Move,32933597,8
511,337,512,Move,32933615,8
511,336,512,Move,32933623,8
511,335,512,Move,32933647,8
511,335,522,Unknown(522),32933927,8
511,335,512,Move,32933943,8
511,335,512,Move,32933943,8
511,335,512,Move,32933945,8
511,335,512,Move,32933994,8
511,335,512,Move,32933995,8
511,335,512,Move,32933996,8
511,335,522,Unknown(522),32933999,8
511,335,512,Move,32934006,8
511,335,512,Move,32934006,8
511,335,512,Move,32934007,8
511,335,512,Move,32934008,8
511,335,512,Move,32934009,8
511,335,512,Move,32934009,8
511,335,512,Move,32934045,8
511,335,512,Move,32934068,8
511,335,512,Move,32934068,8
511,335,512,Move,32934070,8
511,335,512,Move,32934070,8
511,335,512,Move,32934071,8
511,335,512,Move,32934072,8
511,335,512,Move,32934073,8
511,335,512,Move,32934074,8
511,335,512,Move,32934075,8
511,335,512,Move,32934075,8
511,335,512,Move,32934077,8
511,336,512,Move,32934167,8
511,337,512,Move,32934175,8
511,339,512,Move,32934183,8
511,341,512,Move,32934191,8
512,343,512,Move,32934207,8
513,345,512,Move,32934215,8
514,347,512,Move,32934231,8
514,349,512,Move,32934245,8
514,351,512,Move,32934255,8
514,352,512,Move,32934263,8
514,353,512,Move,32934287,8
514,354,512,Move,32934295,8
514,356,512,Move,32934311,8
514,358,512,Move,32934319,8
515,359,512,Move,32934327,8
516,361,512,Move,32934341,8
517,363,512,Move,32934343,8
518,364,512,Move,32934351,8
518,366,512,Move,32934359,8
518,367,512,Move,32934367,8
518,368,512,Move,32934375,8
518,370,512,Move,32934383,8
519,371,512,Move,32934391,8
519,372,512,Move,32934407,8
519,373,512,Move,32934421,8
519,374,512,Move,32934436,8
519,375,512,Move,32934439,8
519,376,512,Move,32934447,8
519,378,512,Move,32934463,8
519,380,512,Move,32934471,8
520,380,512,Move,32934479,8
520,382,512,Move,32934487,8
520,384,512,Move,32934495,8
521,384,512,Move,32934503,8
521,386,512,Move,32934511,8
521,387,512,Move,32934519,8
521,388,512,Move,32934533,8
521,389,512,Move,32934535,8
521,390,512,Move,32934543,8
521,391,512,Move,32934551,8
521,392,512,Move,32934559,8
521,393,512,Move,32934567,8
521,394,512,Move,32934583,8
521,395,512,Move,32934591,8
521,396,512,Move,32934615,8
521,397,512,Move,32934631,8
524,415,512,Move,32935048,8
524,423,512,Move,32935089,8
524,423,512,Move,32935089,8
524,427,512,Move,32935113,8
524,429,512,Move,32935128,8
523,430,512,Move,32935135,8
523,431,512,Move,32935143,8
522,431,512,Move,32935279,8
522,430,512,Move,32935287,8
522,429,512,Move,32935301,8
522,428,512,Move,32935303,8
522,427,512,Move,32935335,8
522,426,512,Move,32935359,8
522,426,516,Pressed,32935503,8
522,426,517,Released,32935595,8
522,426,512,Move,32935618,8
522,426,512,Move,32935621,8
522,428,512,Move,32935839,8
525,434,512,Move,32935861,8
530,439,512,Move,32935866,8
537,450,512,Move,32935889,8
540,453,512,Move,32935895,8
541,456,512,Move,32935909,8
543,457,512,Move,32935911,8
544,459,512,Move,32935919,8
546,461,512,Move,32935927,8
547,462,512,Move,32935935,8
547,463,512,Move,32935951,8
547,464,512,Move,32935959,8
547,464,513,Pressed,32936247,8
547,464,514,Released,32936319,8
547,464,512,Move,32936374,8
547,464,522,Unknown(522),32937815,8
547,464,512,Move,32937827,8
547,464,512,Move,32937849,8
547,464,512,Move,32937849,8
547,464,512,Move,32937851,8
547,464,512,Move,32937851,8
547,464,512,Move,32937853,8
547,464,512,Move,32937871,8
547,464,512,Move,32937872,8
547,464,512,Move,32937873,8
547,464,522,Unknown(522),32937879,8
547,464,512,Move,32937906,8
547,464,512,Move,32937907,8
547,464,512,Move,32937908,8
547,464,512,Move,32937917,8
547,464,512,Move,32937918,8
547,464,512,Move,32937919,8
547,464,512,Move,32937940,8
547,464,512,Move,32937940,8
547,464,512,Move,32937942,8
547,464,522,Unknown(522),32937952,8
547,464,512,Move,32937953,8
547,464,512,Move,32937968,8
547,464,512,Move,32937969,8
547,464,512,Move,32937971,8
547,464,512,Move,32937980,8
547,464,512,Move,32938003,8
547,464,512,Move,32938003,8
547,464,512,Move,32938018,8
547,464,512,Move,32938018,8
547,464,512,Move,32938020,8
547,464,512,Move,32938029,8
547,464,512,Move,32938029,8
547,464,512,Move,32938031,8
547,464,512,Move,32938051,8
547,464,512,Move,32938051,8
547,464,512,Move,32938053,8
545,465,512,Move,32938391,8
537,466,512,Move,32938415,8
536,467,512,Move,32938416,8
533,468,512,Move,32938423,8
530,469,512,Move,32938437,8
525,471,512,Move,32938460,8
524,471,512,Move,32938463,8
523,471,512,Move,32938479,8
522,471,512,Move,32938623,8
522,470,512,Move,32938637,8
521,470,512,Move,32938639,8
521,469,512,Move,32938655,8
520,469,512,Move,32938671,8
520,468,512,Move,32938687,8
519,468,512,Move,32938719,8
519,467,512,Move,32938734,8
519,466,512,Move,32938759,8
519,465,512,Move,32938791,8
519,464,512,Move,32938983,8
519,463,512,Move,32938999,8
519,463,516,Pressed,32939175,8
519,463,517,Released,32939281,8
519,463,512,Move,32939305,8
519,463,512,Move,32939308,8
519,464,512,Move,32939575,8
523,467,512,Move,32939583,8
534,476,512,Move,32939608,8
543,482,512,Move,32939631,8
547,486,512,Move,32939632,8
550,488,512,Move,32939647,8
552,489,512,Move,32939648,8
554,492,512,Move,32939655,8
557,495,512,Move,32939663,8
559,497,512,Move,32939671,8
561,499,512,Move,32939679,8
562,500,512,Move,32939687,8
562,501,512,Move,32939695,8
562,502,512,Move,32939745,8
562,502,513,Pressed,32939967,8
562,502,514,Released,32940039,8
562,502,512,Move,32940099,8
563,502,512,Move,32940151,8
564,502,512,Move,32940159,8
565,501,512,Move,32940167,8
568,500,512,Move,32940175,8
571,499,512,Move,32940183,8
575,497,512,Move,32940198,8
580,496,512,Move,32940199,8
586,492,512,Move,32940207,8
595,490,512,Move,32940215,8
602,486,512,Move,32940223,8
611,484,512,Move,32940231,8
620,480,512,Move,32940239,8
627,477,512,Move,32940247,8
634,474,512,Move,32940255,8
642,471,512,Move,32940263,8
647,469,512,Move,32940271,8
653,467,512,Move,32940286,8
657,465,512,Move,32940287,8
660,464,512,Move,32940295,8
661,463,512,Move,32940303,8
663,462,512,Move,32940311,8
665,462,512,Move,32940319,8
665,461,512,Move,32940327,8
664,461,512,Move,32940719,8
664,461,522,Unknown(522),32940727,8
664,461,512,Move,32940738,8
664,461,512,Move,32940749,8
664,461,512,Move,32940771,8
664,461,512,Move,32940771,8
663,461,522,Unknown(522),32940787,8
663,461,512,Move,32940788,8
662,461,512,Move,32940795,8
662,461,512,Move,32940808,8
662,461,512,Move,32940812,8
662,461,512,Move,32940813,8
662,461,512,Move,32940814,8
662,461,512,Move,32940815,8
662,461,512,Move,32940816,8
662,461,512,Move,32940817,8
662,461,512,Move,32940818,8
662,461,512,Move,32940824,8
662,461,512,Move,32940824,8
662,461,512,Move,32940826,8
662,461,512,Move,32940826,8
662,461,522,Unknown(522),32940831,8
662,461,512,Move,32940846,8
662,461,512,Move,32940846,8
662,461,512,Move,32940848,8
662,461,512,Move,32940878,8
662,461,512,Move,32940879,8
662,461,512,Move,32940881,8
662,461,512,Move,32940881,8
662,461,522,Unknown(522),32940896,8
662,461,512,Move,32940898,8
662,461,512,Move,32940909,8
662,461,512,Move,32940910,8
662,461,512,Move,32940911,8
662,461,512,Move,32940912,8
662,461,512,Move,32940913,8
662,461,512,Move,32940918,8
662,461,512,Move,32940940,8
662,461,512,Move,32940940,8
662,461,512,Move,32940942,8
662,461,512,Move,32940951,8
662,461,512,Move,32940973,8
662,461,512,Move,32940974,8
662,461,512,Move,32940975,8
662,461,522,Unknown(522),32941655,8
662,461,512,Move,32941674,8
662,461,512,Move,32941674,8
662,461,512,Move,32941676,8
662,461,512,Move,32941688,8
662,461,512,Move,32941700,8
662,461,512,Move,32941700,8
662,461,512,Move,32941702,8
662,461,522,Unknown(522),32941719,8
662,461,512,Move,32941721,8
662,461,512,Move,32941721,8
662,461,512,Move,32941737,8
662,461,512,Move,32941737,8
662,461,512,Move,32941739,8
662,461,512,Move,32941749,8
662,461,512,Move,32941770,8
662,461,512,Move,32941770,8
662,461,512,Move,32941772,8
662,461,512,Move,32941781,8
662,461,512,Move,32941796,8
662,461,512,Move,32941797,8
662,461,512,Move,32941798,8
662,461,512,Move,32941818,8
662,461,512,Move,32941818,8
661,461,512,Move,32942175,8
660,460,512,Move,32942183,8
654,458,512,Move,32942191,8
644,453,512,Move,32942199,8
630,446,512,Move,32942207,8
616,439,512,Move,32942215,8
604,435,512,Move,32942223,8
593,429,512,Move,32942231,8
583,424,512,Move,32942239,8
575,420,512,Move,32942247,8
569,414,512,Move,32942255,8
562,409,512,Move,32942270,8
557,406,512,Move,32942272,8
553,403,512,Move,32942279,8
550,400,512,Move,32942287,8
548,396,512,Move,32942295,8
545,393,512,Move,32942303,8
543,390,512,Move,32942311,8
542,387,512,Move,32942319,8
540,385,512,Move,32942327,8
539,383,512,Move,32942335,8
538,380,512,Move,32942343,8
537,377,512,Move,32942351,8
536,375,512,Move,32942359,8
536,374,512,Move,32942374,8
535,371,512,Move,32942375,8
534,369,512,Move,32942383,8
534,368,512,Move,32942391,8
534,366,512,Move,32942399,8
534,365,512,Move,32942407,8
534,364,512,Move,32942415,8
534,363,512,Move,32942423,8
534,362,512,Move,32942431,8
534,360,512,Move,32942447,8
534,359,512,Move,32942455,8
534,357,512,Move,32942471,8
534,356,512,Move,32942479,8
534,355,512,Move,32942487,8
534,353,512,Move,32942495,8
534,352,512,Move,32942503,8
534,350,512,Move,32942511,8
535,348,512,Move,32942519,8
535,346,512,Move,32942535,8
535,345,512,Move,32942558,8
535,344,512,Move,32942559,8
535,343,512,Move,32942576,8
535,342,512,Move,32942583,8
535,341,512,Move,32942591,8
535,340,512,Move,32942607,8
535,339,512,Move,32942639,8
535,338,512,Move,32942663,8
535,338,516,Pressed,32943167,8
535,338,517,Released,32943279,8
535,338,512,Move,32943301,8
535,338,512,Move,32943304,8
537,341,512,Move,32943543,8
547,355,512,Move,32943568,8
558,367,512,Move,32943592,8
561,370,512,Move,32943599,8
564,373,512,Move,32943607,8
565,375,512,Move,32943615,8
567,375,512,Move,32943630,8
567,375,513,Pressed,32943871,8
567,375,514,Released,32943959,8
567,375,512,Move,32944017,8
568,375,512,Move,32944023,8
569,376,512,Move,32944031,8
574,378,512,Move,32944057,8
579,379,512,Move,32944063,8
584,381,512,Move,32944071,8
590,385,512,Move,32944079,8
599,387,512,Move,32944087,8
608,390,512,Move,32944095,8
618,392,512,Move,32944103,8
629,395,512,Move,32944111,8
639,396,512,Move,32944119,8
649,398,512,Move,32944127,8
658,400,512,Move,32944135,8
666,401,512,Move,32944151,8
675,403,512,Move,32944152,8
682,404,512,Move,32944159,8
686,406,512,Move,32944167,8
690,407,512,Move,32944175,8
692,408,512,Move,32944183,8
692,409,512,Move,32944231,8
692,410,512,Move,32944247,8
692,410,522,Unknown(522),32944591,8
692,410,512,Move,32944607,8
692,410,512,Move,32944608,8
692,410,512,Move,32944610,8
692,410,512,Move,32944630,8
692,410,512,Move,32944631,8
692,410,522,Unknown(522),32944631,8
692,410,512,Move,32944633,8
692,410,512,Move,32944660,8
692,410,512,Move,32944660,8
692,410,512,Move,32944662,8
692,410,512,Move,32944662,8
692,410,522,Unknown(522),32944663,8
692,410,512,Move,32944679,8
692,410,512,Move,32944690,8
692,410,512,Move,32944690,8
692,410,512,Move,32944692,8
692,410,512,Move,32944692,8
692,410,512,Move,32944694,8
692,410,512,Move,32944702,8
692,410,522,Unknown(522),32944711,8
692,410,512,Move,32944724,8
692,410,512,Move,32944725,8
692,410,512,Move,32944727,8
692,410,512,Move,32944736,8
692,410,512,Move,32944751,8
692,410,512,Move,32944751,8
692,410,512,Move,32944753,8
692,410,512,Move,32944763,8
692,410,512,Move,32944799,8
692,410,512,Move,32944799,8
692,410,512,Move,32944801,8
692,410,512,Move,32944810,8
692,410,512,Move,32944811,8
692,410,512,Move,32944812,8
692,410,512,Move,32944813,8
692,410,522,Unknown(522),32945471,8
692,410,512,Move,32945485,8
692,410,512,Move,32945485,8
692,410,512,Move,32945487,8
692,410,512,Move,32945497,8
692,410,522,Unknown(522),32945503,8
692,410,512,Move,32945511,8
692,410,512,Move,32945534,8
692,410,512,Move,32945535,8
692,410,512,Move,32945536,8
692,410,512,Move,32945536,8
692,410,512,Move,32945538,8
692,410,522,Unknown(522),32945543,8
692,410,512,Move,32945545,8
692,410,512,Move,32945583,8
692,410,512,Move,32945583,8
692,410,512,Move,32945585,8
692,410,512,Move,32945594,8
692,410,512,Move,32945594,8
692,410,512,Move,32945596,8
692,410,512,Move,32945614,8
692,410,512,Move,32945615,8
692,410,512,Move,32945616,8
692,410,512,Move,32945622,8
692,410,512,Move,32945643,8
692,410,512,Move,32945643,8
692,410,512,Move,32945645,8
691,410,512,Move,32947031,8
690,410,512,Move,32947039,8
689,410,512,Move,32947079,8
688,410,512,Move,32947183,8
687,410,512,Move,32947255,8
686,410,512,Move,32947367,8
685,410,512,Move,32947515,8
684,410,512,Move,32947527,8
683,410,512,Move,32947543,8
682,410,512,Move,32947551,8
681,410,512,Move,32947559,8
679,410,512,Move,32947567,8
678,410,512,Move,32947575,8
677,410,512,Move,32947583,8
676,410,512,Move,32947591,8
675,410,512,Move,32947599,8
674,410,512,Move,32947615,8
673,410,512,Move,32947616,8
672,410,512,Move,32947695,8
671,410,512,Move,32947783,8
671,410,522,Unknown(522),32948863,8
671,410,512,Move,32948875,8
671,410,512,Move,32948885,8
671,410,512,Move,32948895,8
671,410,512,Move,32948905,8
671,410,512,Move,32948922,8
671,410,512,Move,32948925,8
671,410,522,Unknown(522),32948935,8
671,410,512,Move,32948936,8
671,410,512,Move,32948945,8
671,410,512,Move,32948955,8
671,410,512,Move,32948965,8
671,410,512,Move,32948975,8
671,410,512,Move,32948985,8
671,410,512,Move,32948995,8
671,410,512,Move,32949005,8
671,410,522,Unknown(522),32949021,8
671,410,512,Move,32949023,8
671,410,512,Move,32949025,8
671,410,512,Move,32949034,8
671,410,512,Move,32949044,8
671,410,512,Move,32949055,8
671,410,512,Move,32949063,8
671,410,512,Move,32949074,8
671,410,512,Move,32949085,8
671,410,512,Move,32949094,8
671,410,512,Move,32949104,8
671,410,522,Unknown(522),32950831,8
671,410,512,Move,32950843,8
671,410,512,Move,32950853,8
671,410,512,Move,32950863,8
671,410,512,Move,32950874,8
671,410,512,Move,32950883,8
671,410,522,Unknown(522),32950887,8
671,410,512,Move,32950893,8
671,410,512,Move,32950902,8
671,410,512,Move,32950913,8
671,410,522,Unknown(522),32950952,8
671,410,512,Move,32950973,8
671,410,512,Move,32950975,8
671,410,512,Move,32951001,8
671,410,512,Move,32951003,8
671,410,512,Move,32951005,8
671,410,512,Move,32951007,8
671,410,512,Move,32951011,8
671,410,512,Move,32951013,8
671,410,512,Move,32951015,8
671,410,512,Move,32951017,8
671,410,512,Move,32951487,8
671,410,512,Move,32951494,8
671,410,512,Move,32951530,8
671,410,522,Unknown(522),32951711,8
671,410,522,Unknown(522),32951740,8
671,410,512,Move,32951742,8
671,410,512,Move,32951743,8
671,410,512,Move,32951745,8
671,410,522,Unknown(522),32951796,8
671,410,512,Move,32951797,8
671,410,512,Move,32951798,8
671,410,512,Move,32951799,8
671,410,512,Move,32951800,8
671,410,512,Move,32951800,8
671,410,522,Unknown(522),32951816,8
671,410,522,Unknown(522),32951991,8
671,410,512,Move,32951992,8
671,410,512,Move,32951994,8
671,410,512,Move,32951995,8
671,410,512,Move,32952028,8
671,410,512,Move,32952072,8
671,410,512,Move,32952074,8
671,410,512,Move,32952074,8
671,410,512,Move,32952141,8
671,410,512,Move,32952166,8
671,410,512,Move,32952168,8
671,410,512,Move,32952168,8
671,410,512,Move,32952170,8
671,410,512,Move,32952170,8
671,410,512,Move,32952173,8
671,410,512,Move,32952173,8
671,410,512,Move,32952175,8
671,410,512,Move,32952176,8
671,410,512,Move,32952195,8
671,410,512,Move,32952195,8
671,410,512,Move,32952197,8
671,410,512,Move,32952197,8
671,410,512,Move,32952199,8
671,410,512,Move,32952200,8
671,410,512,Move,32952202,8
671,410,512,Move,32952202,8
671,410,512,Move,32952520,8
671,410,512,Move,32952680,8
671,410,512,Move,32953010,8
671,410,512,Move,32953202,8
671,410,522,Unknown(522),32953391,8
671,410,512,Move,32953394,8
671,410,512,Move,32953403,8
671,410,512,Move,32953413,8
671,410,512,Move,32953424,8
671,410,512,Move,32953434,8
671,410,512,Move,32953445,8
671,410,512,Move,32953456,8
671,410,512,Move,32953467,8
671,410,512,Move,32953487,8
671,410,512,Move,32953489,8
671,410,522,Unknown(522),32953519,8
671,410,512,Move,32953528,8
671,410,512,Move,32953541,8
671,410,512,Move,32953566,8
671,410,512,Move,32953568,8
671,410,512,Move,32953576,8
671,410,512,Move,32953596,8
671,410,512,Move,32953621,8
671,410,512,Move,32953623,8
671,410,512,Move,32953625,8
671,410,512,Move,32953627,8
670,410,512,Move,32955365,8
669,410,512,Move,32955367,8
667,410,512,Move,32955375,8
662,410,512,Move,32955383,8
655,410,512,Move,32955391,8
647,410,512,Move,32955399,8
638,410,512,Move,32955407,8
628,410,512,Move,32955415,8
620,410,512,Move,32955423,8
612,410,512,Move,32955431,8
606,408,512,Move,32955439,8
595,406,512,Move,32955455,8
590,405,512,Move,32955463,8
586,404,512,Move,32955471,8
582,402,512,Move,32955479,8
579,400,512,Move,32955487,8
577,399,512,Move,32955495,8
576,398,512,Move,32955503,8
575,397,512,Move,32955511,8
573,396,512,Move,32955519,8
573,395,512,Move,32955527,8
571,394,512,Move,32955546,8
570,393,512,Move,32955551,8
570,392,512,Move,32955559,8
569,391,512,Move,32955567,8
569,390,512,Move,32955575,8
568,390,512,Move,32955583,8
568,389,512,Move,32955591,8
568,387,512,Move,32955599,8
567,387,512,Move,32955607,8
567,385,512,Move,32955615,8
567,383,512,Move,32955639,8
567,382,512,Move,32955656,8
567,381,512,Move,32955663,8
567,380,512,Move,32955671,8
567,379,512,Move,32955695,8
567,378,512,Move,32955744,8
567,378,516,Pressed,32956119,8
567,378,517,Released,32956247,8
567,378,512,Move,32956269,8
567,378,512,Move,32956272,8
567,378,518,doubleclick,32956287,8
567,378,517,Released,32956331,8
568,381,512,Move,32956551,8
570,384,512,Move,32956559,8
578,396,512,Move,32956585,8
580,398,512,Move,32956591,8
582,401,512,Move,32956599,8
584,402,512,Move,32956607,8
584,404,512,Move,32956615,8
585,405,512,Move,32956623,8
586,406,512,Move,32956639,8
586,407,512,Move,32956687,8
586,408,512,Move,32956703,8
587,410,512,Move,32956741,8
588,410,512,Move,32956757,8
588,411,512,Move,32956759,8
589,411,512,Move,32956767,8
589,411,513,Pressed,32956887,8
589,411,514,Released,32957007,8
589,411,512,Move,32957064,8
589,411,522,Unknown(522),32959111,8
589,411,512,Move,32959123,8
589,411,512,Move,32959133,8
589,411,512,Move,32959143,8
589,411,522,Unknown(522),32959151,8
589,411,512,Move,32959153,8
589,411,512,Move,32959177,8
589,411,512,Move,32959179,8
589,411,512,Move,32959181,8
589,411,522,Unknown(522),32959183,8
589,411,512,Move,32959191,8
589,411,512,Move,32959201,8
589,411,512,Move,32959212,8
589,411,522,Unknown(522),32959215,8
589,411,512,Move,32959221,8
589,411,512,Move,32959231,8
589,411,512,Move,32959241,8
589,411,512,Move,32959252,8
589,411,512,Move,32959276,8
589,411,512,Move,32959278,8
589,411,512,Move,32959280,8
589,411,512,Move,32959291,8
589,411,512,Move,32959302,8
589,411,512,Move,32959311,8
589,411,522,Unknown(522),32960391,8
589,411,512,Move,32960403,8
589,411,512,Move,32960413,8
589,411,512,Move,32960424,8
589,411,512,Move,32960433,8
589,411,512,Move,32960443,8
589,411,522,Unknown(522),32960447,8
589,411,512,Move,32960453,8
589,411,512,Move,32960463,8
589,411,512,Move,32960483,8
589,411,512,Move,32960485,8
589,411,512,Move,32960492,8
589,411,522,Unknown(522),32960495,8
589,411,512,Move,32960503,8
589,411,512,Move,32960513,8
589,411,512,Move,32960523,8
589,411,512,Move,32960532,8
589,411,512,Move,32960543,8
589,411,512,Move,32960552,8
589,411,512,Move,32960562,8
589,411,512,Move,32960582,8
589,411,512,Move,32960584,8
589,411,512,Move,32960593,8
589,411,522,Unknown(522),32962488,8
589,411,512,Move,32962501,8
589,411,522,Unknown(522),32962503,8
589,411,512,Move,32962511,8
589,411,512,Move,32962520,8
589,411,522,Unknown(522),32962527,8
589,411,512,Move,32962530,8
589,411,512,Move,32962541,8
589,411,522,Unknown(522),32962543,8
589,411,512,Move,32962551,8
589,411,512,Move,32962560,8
589,411,512,Move,32962570,8
589,411,522,Unknown(522),32962575,8
589,411,512,Move,32962591,8
589,411,512,Move,32962593,8
589,411,512,Move,32962600,8
589,411,512,Move,32962609,8
589,411,512,Move,32962619,8
589,411,512,Move,32962630,8
589,411,512,Move,32962640,8
589,411,512,Move,32962649,8
589,411,512,Move,32962659,8
589,411,512,Move,32962670,8
589,411,522,Unknown(522),32964935,8
589,411,512,Move,32964948,8
589,411,512,Move,32964958,8
589,411,522,Unknown(522),32964967,8
589,411,512,Move,32964968,8
589,411,512,Move,32964977,8
589,411,522,Unknown(522),32964996,8
589,411,512,Move,32964997,8
589,411,512,Move,32965000,8
589,411,512,Move,32965007,8
589,411,522,Unknown(522),32965015,8
589,411,512,Move,32965016,8
589,411,512,Move,32965026,8
589,411,512,Move,32965036,8
589,411,512,Move,32965046,8
589,411,522,Unknown(522),32965055,8
589,411,512,Move,32965057,8
589,411,512,Move,32965065,8
589,411,512,Move,32965076,8
589,411,512,Move,32965099,8
589,411,512,Move,32965100,8
589,411,512,Move,32965108,8
589,411,512,Move,32965116,8
589,411,512,Move,32965127,8
589,411,512,Move,32965136,8
589,411,512,Move,32965146,8
589,412,512,Move,32966263,8
588,414,512,Move,32966271,8
588,415,512,Move,32966279,8
588,416,512,Move,32966287,8
587,418,512,Move,32966295,8
587,420,512,Move,32966311,8
586,426,512,Move,32966335,8
586,428,512,Move,32966343,8
585,431,512,Move,32966351,8
585,434,512,Move,32966359,8
585,439,512,Move,32966367,8
585,443,512,Move,32966375,8
585,446,512,Move,32966383,8
585,450,512,Move,32966391,8
586,454,512,Move,32966399,8
589,458,512,Move,32966407,8
592,464,512,Move,32966415,8
595,474,512,Move,32966432,8
596,476,512,Move,32966439,8
596,479,512,Move,32966447,8
596,481,512,Move,32966455,8
595,481,512,Move,32966463,8
595,482,512,Move,32966959,8
595,483,512,Move,32966967,8
594,483,512,Move,32966975,8
594,484,512,Move,32966983,8
594,485,512,Move,32966991,8
593,486,512,Move,32966999,8
592,486,512,Move,32967071,8
591,486,512,Move,32967199,8
591,485,512,Move,32967207,8
590,485,512,Move,32967511,8
589,485,512,Move,32967519,8
588,485,512,Move,32967527,8
581,486,512,Move,32967545,8
575,489,512,Move,32967551,8
572,489,512,Move,32967559,8
567,490,512,Move,32967567,8
563,490,512,Move,32967575,8
557,490,512,Move,32967583,8
551,490,512,Move,32967591,8
545,490,512,Move,32967599,8
538,490,512,Move,32967607,8
533,490,512,Move,32967615,8
526,490,512,Move,32967623,8
517,490,512,Move,32967647,8
512,490,512,Move,32967648,8
505,488,512,Move,32967665,8
502,488,512,Move,32967671,8
500,487,512,Move,32967679,8
498,487,512,Move,32967687,8
497,487,512,Move,32967695,8
496,486,512,Move,32967703,8
495,486,512,Move,32967711,8
494,486,512,Move,32967727,8
494,485,512,Move,32967735,8
493,485,512,Move,32967765,8
493,484,512,Move,32967767,8
492,484,512,Move,32967791,8
492,483,512,Move,32967807,8
492,482,512,Move,32967831,8
491,482,512,Move,32967839,8
491,481,512,Move,32967864,8
491,480,512,Move,32967887,8
490,480,512,Move,32967962,8
490,480,516,Pressed,32967975,8
490,480,517,Released,32968078,8
490,480,512,Move,32968101,8
490,480,518,doubleclick,32968104,8
490,480,512,Move,32968105,8
490,480,517,Released,32968158,8
491,482,512,Move,32968359,8
493,485,512,Move,32968368,8
497,489,512,Move,32968378,8
505,499,512,Move,32968391,8
513,508,512,Move,32968414,8
517,511,512,Move,32968416,8
519,514,512,Move,32968423,8
521,516,512,Move,32968431,8
523,517,512,Move,32968447,8
523,518,512,Move,32968455,8
523,518,513,Pressed,32968671,8
523,518,514,Released,32968775,8
523,518,512,Move,32968831,8
524,518,512,Move,32969159,8
525,518,512,Move,32969167,8
526,518,512,Move,32969183,8
527,518,512,Move,32969191,8
528,518,512,Move,32969199,8
529,518,512,Move,32969207,8
530,517,512,Move,32969215,8
531,517,512,Move,32969231,8
533,517,512,Move,32969249,8
534,516,512,Move,32969255,8
535,516,512,Move,32969263,8
536,516,512,Move,32969271,8
538,515,512,Move,32969279,8
540,515,512,Move,32969287,8
541,515,512,Move,32969295,8
544,514,512,Move,32969303,8
547,514,512,Move,32969311,8
549,514,512,Move,32969319,8
552,514,512,Move,32969327,8
558,514,512,Move,32969349,8
561,514,512,Move,32969351,8
566,515,512,Move,32969359,8
569,516,512,Move,32969367,8
571,517,512,Move,32969375,8
572,518,512,Move,32969384,8
575,519,512,Move,32969391,8
580,523,512,Move,32969412,8
582,524,512,Move,32969415,8
584,526,512,Move,32969423,8
586,528,512,Move,32969431,8
592,532,512,Move,32969449,8
593,534,512,Move,32969455,8
595,535,512,Move,32969463,8
597,537,512,Move,32969471,8
597,539,512,Move,32969479,8
597,540,512,Move,32969487,8
595,541,512,Move,32969495,8
594,541,512,Move,32969747,8
592,542,512,Move,32969751,8
591,543,512,Move,32969759,8
590,544,512,Move,32969767,8
588,544,512,Move,32969775,8
587,544,512,Move,32969783,8
586,545,512,Move,32969791,8
584,547,512,Move,32969799,8
583,548,512,Move,32969807,8
581,550,512,Move,32969815,8
580,553,512,Move,32969823,8
578,555,512,Move,32969831,8
575,559,512,Move,32969848,8
573,562,512,Move,32969855,8
573,565,512,Move,32969863,8
572,568,512,Move,32969871,8
565,582,512,Move,32969915,8
564,583,512,Move,32969919,8
563,587,512,Move,32969944,8
563,589,512,Move,32969961,8
563,590,512,Move,32969983,8
563,590,513,Pressed,32970311,8
563,590,514,Released,32970458,8
563,590,512,Move,32970478,8
565,589,512,Move,32972127,8
569,587,512,Move,32972135,8
574,586,512,Move,32972143,8
587,581,512,Move,32972162,8
611,571,512,Move,32972187,8
621,567,512,Move,32972191,8
627,562,512,Move,32972199,8
633,556,512,Move,32972207,8
635,551,512,Move,32972215,8
637,545,512,Move,32972223,8
637,537,512,Move,32972231,8
637,527,512,Move,32972239,8
631,513,512,Move,32972247,8
624,499,512,Move,32972263,8
614,485,512,Move,32972264,8
600,466,512,Move,32972271,8
576,440,512,Move,32972279,8
551,417,512,Move,32972287,8
519,391,512,Move,32972295,8
476,366,512,Move,32972303,8
434,351,512,Move,32972311,8
295,294,512,Move,32972336,8
208,251,512,Move,32972363,8
171,236,512,Move,32972381,8
154,231,512,Move,32972383,8
139,227,512,Move,32972391,8
129,222,512,Move,32972399,8
124,218,512,Move,32972407,8
121,216,512,Move,32972415,8
122,214,512,Move,32972671,8
122,213,512,Move,32972679,8
121,212,512,Move,32972687,8
121,209,512,Move,32972703,8
121,207,512,Move,32972711,8
121,205,512,Move,32972719,8
122,201,512,Move,32972727,8
124,197,512,Move,32972735,8
126,194,512,Move,32972743,8
127,191,512,Move,32972751,8
134,181,512,Move,32972768,8
138,177,512,Move,32972775,8
143,171,512,Move,32972783,8
145,167,512,Move,32972791,8
148,162,512,Move,32972799,8
152,158,512,Move,32972807,8
153,155,512,Move,32972815,8
154,151,512,Move,32972823,8
154,149,512,Move,32972831,8
155,147,512,Move,32972839,8
156,144,512,Move,32972847,8
157,142,512,Move,32972866,8
157,140,512,Move,32972871,8
158,140,512,Move,32972879,8
159,139,512,Move,32972887,8
159,138,512,Move,32972895,8
159,137,512,Move,32972903,8
160,137,512,Move,32972911,8
161,136,512,Move,32972919,8
161,135,512,Move,32972927,8
162,133,512,Move,32972967,8
162,132,512,Move,32972969,8
163,131,512,Move,32972989,8
163,130,512,Move,32972991,8
163,129,512,Move,32972999,8
163,128,512,Move,32973015,8
163,127,512,Move,32973031,8
163,127,513,Pressed,32973111,8
163,127,512,Move,32973142,8
163,127,514,Released,32973195,8
163,127,512,Move,32973198,8
163,128,512,Move,32973431,8
163,129,512,Move,32973439,8
163,132,512,Move,32973447,8
164,136,512,Move,32973455,8
167,140,512,Move,32973463,8
173,146,512,Move,32973471,8
179,154,512,Move,32973479,8
188,163,512,Move,32973487,8
199,173,512,Move,32973495,8
216,185,512,Move,32973504,8
237,199,512,Move,32973516,8
261,215,512,Move,32973519,8
296,232,512,Move,32973527,8
329,249,512,Move,32973535,8
362,265,512,Move,32973543,8
398,284,512,Move,32973551,8
430,300,512,Move,32973559,8
529,352,512,Move,32973587,8
604,401,512,Move,32973616,8
611,407,512,Move,32973624,8
617,412,512,Move,32973634,8
621,416,512,Move,32973639,8
622,418,512,Move,32973647,8
623,421,512,Move,32973655,8
623,422,512,Move,32973663,8
623,424,512,Move,32973671,8
623,426,512,Move,32973679,8
622,427,512,Move,32973687,8
619,428,512,Move,32973695,8
614,428,512,Move,32973703,8
608,429,512,Move,32973713,8
603,429,512,Move,32973724,8
604,429,512,Move,32973943,8
603,429,512,Move,32973959,8
602,429,512,Move,32973975,8
601,429,512,Move,32974063,8
601,428,512,Move,32974071,8
601,427,512,Move,32974159,8
601,426,512,Move,32974207,8
606,421,512,Move,32974215,8
606,421,522,Unknown(522),32974351,8
606,421,512,Move,32974363,8
606,421,522,Unknown(522),32974375,8
606,421,512,Move,32974380,8
606,421,512,Move,32974394,8
606,421,522,Unknown(522),32974399,8
606,421,512,Move,32974403,8
606,421,512,Move,32974411,8
606,421,512,Move,32974420,8
606,421,522,Unknown(522),32974423,8
606,421,512,Move,32974428,8
606,421,512,Move,32974437,8
606,421,512,Move,32974447,8
606,421,522,Unknown(522),32974447,8
606,421,512,Move,32974458,8
606,421,512,Move,32974468,8
606,421,512,Move,32974477,8
606,421,512,Move,32974486,8
606,421,512,Move,32974498,8
606,421,512,Move,32974506,8
606,421,512,Move,32974515,8
606,421,512,Move,32974524,8
606,421,512,Move,32974533,8
606,421,512,Move,32974544,8
605,421,512,Move,32975071,8
604,421,512,Move,32975127,8
603,421,512,Move,32975143,8
602,421,512,Move,32975191,8
601,420,512,Move,32975199,8
600,419,512,Move,32975207,8
598,418,512,Move,32975215,8
595,417,512,Move,32975223,8
593,415,512,Move,32975231,8
591,414,512,Move,32975239,8
588,412,512,Move,32975247,8
585,409,512,Move,32975255,8
583,408,512,Move,32975263,8
580,406,512,Move,32975271,8
579,404,512,Move,32975279,8
576,402,512,Move,32975306,8
576,400,512,Move,32975317,8
575,399,512,Move,32975319,8
574,398,512,Move,32975335,8
574,396,512,Move,32975343,8
572,393,512,Move,32975449,8
571,393,512,Move,32975871,8
571,394,512,Move,32975879,8
570,395,512,Move,32975895,8
569,396,512,Move,32975911,8
569,397,512,Move,32975932,8
568,397,512,Move,32975951,8
567,397,512,Move,32976927,8
566,397,512,Move,32976935,8
565,397,512,Move,32976951,8
564,397,512,Move,32976959,8
562,397,512,Move,32976975,8
560,397,512,Move,32976983,8
559,397,512,Move,32976991,8
558,397,512,Move,32976999,8
557,397,512,Move,32977007,8
556,397,512,Move,32977029,8
555,397,512,Move,32977031,8
555,397,516,Pressed,32977103,8
555,397,517,Released,32977229,8
555,397,512,Move,32977250,8
555,397,512,Move,32977253,8
556,399,512,Move,32977703,8
560,402,512,Move,32977711,8
577,415,512,Move,32977741,8
579,418,512,Move,32977743,8
584,421,512,Move,32977754,8
586,425,512,Move,32977759,8
589,428,512,Move,32977767,8
591,431,512,Move,32977775,8
592,433,512,Move,32977783,8
592,436,512,Move,32977791,8
593,439,512,Move,32977799,8
595,441,512,Move,32977807,8
595,442,512,Move,32977815,8
595,444,512,Move,32977823,8
596,446,512,Move,32977831,8
597,447,512,Move,32977839,8
598,449,512,Move,32977849,8
598,450,512,Move,32977855,8
598,452,512,Move,32977863,8
599,454,512,Move,32977871,8
600,456,512,Move,32977879,8
601,457,512,Move,32977887,8
602,459,512,Move,32977895,8
603,461,512,Move,32977903,8
603,463,512,Move,32977911,8
604,465,512,Move,32977919,8
605,466,512,Move,32977927,8
606,468,512,Move,32977935,8
607,468,512,Move,32977946,8
607,470,512,Move,32977951,8
607,471,512,Move,32977959,8
607,472,512,Move,32977975,8
607,473,512,Move,32977983,8
607,474,512,Move,32978047,8
607,475,512,Move,32978055,8
607,476,512,Move,32978071,8
607,477,512,Move,32978079,8
608,478,512,Move,32978087,8
609,480,512,Move,32978095,8
609,482,512,Move,32978103,8
609,483,512,Move,32978111,8
610,484,512,Move,32978119,8
611,486,512,Move,32978127,8
611,487,512,Move,32978135,8
611,488,512,Move,32978145,8
611,489,512,Move,32978151,8
611,491,512,Move,32978159,8
612,493,512,Move,32978167,8
613,496,512,Move,32978175,8
614,497,512,Move,32978183,8
615,500,512,Move,32978191,8
615,502,512,Move,32978199,8
615,503,512,Move,32978207,8
616,505,512,Move,32978215,8
617,506,512,Move,32978223,8
618,507,512,Move,32978231,8
618,508,512,Move,32978245,8
618,510,512,Move,32978247,8
618,511,512,Move,32978255,8
618,512,512,Move,32978263,8
618,513,512,Move,32978271,8
618,515,512,Move,32978279,8
619,517,512,Move,32978287,8
619,518,512,Move,32978295,8
619,520,512,Move,32978303,8
619,521,512,Move,32978311,8
619,522,512,Move,32978319,8
619,524,512,Move,32978327,8
619,525,512,Move,32978335,8
619,526,512,Move,32978345,8
619,528,512,Move,32978351,8
619,529,512,Move,32978359,8
619,530,512,Move,32978367,8
619,531,512,Move,32978375,8
619,532,512,Move,32978383,8
619,533,512,Move,32978391,8
619,534,512,Move,32978399,8
620,534,512,Move,32978407,8
620,536,512,Move,32978415,8
620,538,512,Move,32978423,8
620,539,512,Move,32978445,8
620,540,512,Move,32978447,8
620,541,512,Move,32978463,8
620,542,512,Move,32978471,8
621,543,512,Move,32978479,8
620,542,512,Move,32978503,8
621,542,512,Move,32978831,8
622,542,512,Move,32978839,8
623,542,512,Move,32978855,8
624,542,512,Move,32978863,8
624,543,512,Move,32978871,8
625,543,512,Move,32978887,8
625,542,512,Move,32978949,8
624,542,512,Move,32978959,8
623,542,512,Move,32979031,8
622,542,512,Move,32979055,8
621,542,512,Move,32979151,8
620,542,512,Move,32979223,8
619,542,512,Move,32979775,8
619,541,512,Move,32979863,8
618,541,512,Move,32979871,8
617,541,512,Move,32980023,8
616,541,512,Move,32980127,8
615,541,512,Move,32980158,8
613,541,512,Move,32980191,8
609,541,512,Move,32980199,8
602,543,512,Move,32980207,8
594,544,512,Move,32980215,8
585,545,512,Move,32980223,8
570,548,512,Move,32980231,8
553,552,512,Move,32980239,8
536,555,512,Move,32980247,8
519,558,512,Move,32980261,8
503,560,512,Move,32980263,8
484,563,512,Move,32980271,8
467,566,512,Move,32980279,8
448,569,512,Move,32980287,8
433,572,512,Move,32980295,8
420,574,512,Move,32980303,8
404,579,512,Move,32980311,8
389,584,512,Move,32980319,8
371,592,512,Move,32980327,8
340,603,512,Move,32980335,8
321,611,512,Move,32980343,8
303,619,512,Move,32980351,8
287,626,512,Move,32980362,8
275,631,512,Move,32980367,8
261,638,512,Move,32980375,8
247,645,512,Move,32980383,8
237,650,512,Move,32980391,8
226,656,512,Move,32980399,8
217,658,512,Move,32980407,8
210,662,512,Move,32980415,8
204,667,512,Move,32980423,8
185,681,512,Move,32980450,8
162,698,512,Move,32980478,8
130,719,512,Move,32980509,8
101,734,512,Move,32980540,8
95,738,160,Move,32980544,2
89,740,160,Move,32980551,2
84,741,160,Move,32980559,2
79,743,512,Move,32980567,2
77,744,512,Move,32980575,2
75,745,512,Move,32980583,2
73,746,512,Move,32980591,2
72,746,512,Move,32980599,2
70,746,512,Move,32980607,2
69,746,512,Move,32980615,2
68,746,512,Move,32980623,2
67,747,512,Move,32980631,2
65,747,512,Move,32980640,2
64,747,512,Move,32980647,2
62,748,512,Move,32980655,2
59,749,512,Move,32980663,2
57,750,512,Move,32980671,2
54,752,512,Move,32980679,2
51,753,160,Move,32980687,2
48,754,512,Move,32980695,2
44,755,512,Move,32980703,2
41,756,512,Move,32980711,2
38,756,512,Move,32980719,2
35,756,512,Move,32980727,2
31,757,512,Move,32980735,2
29,757,512,Move,32980743,2
26,757,512,Move,32980751,2
24,757,512,Move,32980759,2
22,757,512,Move,32980767,2
21,757,512,Move,32980775,2
20,757,512,Move,32980783,2
20,757,513,Pressed,32980895,2
20,757,160,Move,32980932,2
20,757,162,Released,32980999,2
20,756,160,Move,32981039,2
20,755,160,Move,32981047,2
20,754,160,Move,32981055,2
22,754,160,Move,32981063,2
22,753,160,Move,32981071,2
22,752,160,Move,32981079,2
23,751,160,Move,32981095,2
23,750,160,Move,32981103,2
24,749,160,Move,32981119,2
26,747,160,Move,32981127,2
28,745,160,Move,32981135,2
34,742,160,Move,32981143,2
43,736,512,Move,32981151,2
54,725,512,Move,32981159,2
71,712,512,Move,32981167,2
96,689,512,Move,32981177,2
119,666,512,Move,32981183,2
144,635,512,Move,32981191,2
171,594,512,Move,32981199,2
192,560,512,Move,32981207,2
209,525,512,Move,32981215,2
225,492,512,Move,32981223,2
241,462,512,Move,32981236,2
250,435,512,Move,32981239,2
262,406,512,Move,32981247,2
270,385,512,Move,32981255,2
276,364,512,Move,32981263,2
285,342,512,Move,32981271,2
291,325,512,Move,32981279,2
296,309,512,Move,32981287,2
299,302,512,Move,32981295,2
301,290,512,Move,32981303,2
302,282,512,Move,32981311,2
302,275,512,Move,32981319,2
302,268,512,Move,32981327,2
302,263,512,Move,32981335,2
300,256,512,Move,32981344,2
300,251,512,Move,32981351,2
299,248,512,Move,32981359,2
297,245,512,Move,32981367,2
295,242,512,Move,32981375,2
294,240,512,Move,32981383,2
293,236,512,Move,32981391,2
292,229,512,Move,32981399,2
292,225,512,Move,32981407,2
290,220,512,Move,32981415,2
290,216,512,Move,32981423,2
289,212,512,Move,32981431,2
289,209,512,Move,32981439,2
288,207,512,Move,32981447,2
288,204,512,Move,32981455,2
287,202,512,Move,32981463,2
287,201,512,Move,32981471,2
286,200,512,Move,32981479,2
285,198,512,Move,32981487,2
284,198,512,Move,32981495,2
284,197,512,Move,32981503,2
283,196,512,Move,32981511,2
283,195,512,Move,32981551,2
283,195,513,Pressed,32981679,2
283,195,512,Move,32981680,2
283,195,514,Released,32981751,2
283,195,512,Move,32981766,8
283,195,512,Move,32981790,8
283,195,512,Move,32981795,8
283,195,512,Move,32981799,8
283,195,512,Move,32981801,8
283,195,512,Move,32981803,8
283,195,512,Move,32981803,8
283,195,512,Move,32981804,8
283,195,512,Move,32981805,8
283,195,512,Move,32981805,8
283,195,512,Move,32981806,8
283,195,512,Move,32981807,8
283,195,512,Move,32981807,8
283,195,512,Move,32981808,8
283,195,512,Move,32981808,8
283,195,512,Move,32981809,8
283,195,512,Move,32981809,8
283,195,512,Move,32981811,8
283,195,512,Move,32981811,8
283,195,512,Move,32981812,8
283,195,512,Move,32981813,8
283,195,512,Move,32981813,8
283,195,512,Move,32981815,8
283,195,512,Move,32981816,8
283,195,512,Move,32981816,8
283,195,512,Move,32981817,8
283,195,512,Move,32981818,8
283,195,512,Move,32981818,8
283,195,512,Move,32981819,8
283,195,512,Move,32981819,8
283,195,512,Move,32981820,8
283,195,512,Move,32981820,8
283,195,512,Move,32981821,8
283,195,512,Move,32981821,8
283,195,512,Move,32981822,8
283,195,512,Move,32981823,8
283,195,512,Move,32981823,8
283,195,512,Move,32981824,8
283,195,512,Move,32981825,8
283,195,512,Move,32981825,8
283,195,512,Move,32981826,8
283,195,512,Move,32981827,8
283,195,512,Move,32981827,8
283,195,512,Move,32981828,8
283,195,512,Move,32981828,8
283,195,512,Move,32981829,8
283,195,512,Move,32981830,8
283,195,512,Move,32981831,8
283,195,512,Move,32981831,8
283,195,512,Move,32981832,8
283,195,512,Move,32981833,8
283,195,512,Move,32981833,8
283,195,512,Move,32981834,8
283,195,512,Move,32981835,8
283,195,512,Move,32981835,8
283,195,512,Move,32981836,8
283,195,512,Move,32981836,8
283,195,512,Move,32981837,8
283,195,512,Move,32981838,8
283,195,512,Move,32981838,8
283,195,512,Move,32981877,8
283,195,512,Move,32981878,8
283,195,512,Move,32981880,8
283,195,512,Move,32981881,8
283,195,512,Move,32981882,8
283,195,512,Move,32981882,8
283,195,512,Move,32981883,8
283,195,512,Move,32981901,8
283,195,512,Move,32981902,8
283,195,512,Move,32981903,8
283,195,512,Move,32981904,8
283,195,512,Move,32981904,8
283,195,512,Move,32981905,8
283,195,512,Move,32981905,8
283,195,512,Move,32981906,8
283,195,512,Move,32981907,8
283,195,512,Move,32981907,8
283,195,512,Move,32981909,8
283,195,512,Move,32981914,8
283,195,512,Move,32981915,8
283,195,512,Move,32981916,8
283,195,512,Move,32981917,8
283,195,512,Move,32981917,8
283,195,512,Move,32981926,8
283,195,512,Move,32981926,8
283,195,512,Move,32981927,8
283,195,512,Move,32981928,8
283,195,512,Move,32981928,8
283,195,512,Move,32981929,8
283,195,512,Move,32981930,8
283,195,512,Move,32981930,8
283,195,512,Move,32981931,8
283,195,512,Move,32981932,8
283,195,512,Move,32981932,8
283,195,512,Move,32981933,8
283,195,512,Move,32981933,8
283,195,512,Move,32981934,8
283,195,512,Move,32981934,8
283,195,512,Move,32981935,8
283,195,512,Move,32981960,2
283,195,512,Move,32982011,2
292,199,512,Move,32982055,2
301,202,512,Move,32982064,2
311,204,512,Move,32982071,2
320,205,512,Move,32982079,2
332,206,512,Move,32982087,2
345,209,512,Move,32982095,2
357,210,512,Move,32982103,2
372,212,512,Move,32982111,2
387,213,512,Move,32982119,2
401,216,512,Move,32982127,2
413,218,512,Move,32982135,2
426,220,512,Move,32982143,2
437,222,512,Move,32982151,2
444,223,512,Move,32982159,2
451,225,512,Move,32982167,2
458,226,512,Move,32982175,2
462,227,512,Move,32982183,2
467,228,512,Move,32982191,2
471,230,512,Move,32982199,2
476,230,512,Move,32982207,2
480,230,512,Move,32982215,2
484,230,512,Move,32982223,2
489,231,512,Move,32982231,2
494,232,512,Move,32982239,2
500,232,512,Move,32982247,2
505,232,512,Move,32982255,2
511,232,512,Move,32982263,2
518,232,512,Move,32982271,2
525,232,512,Move,32982279,2
532,233,512,Move,32982287,2
537,234,512,Move,32982295,2
543,235,512,Move,32982303,2
548,236,512,Move,32982311,2
552,238,512,Move,32982319,2
555,239,512,Move,32982327,2
558,241,512,Move,32982335,2
561,242,512,Move,32982343,2
564,244,512,Move,32982351,2
566,245,512,Move,32982359,2
569,246,512,Move,32982367,2
573,247,512,Move,32982375,2
577,249,512,Move,32982383,2
582,250,512,Move,32982391,2
587,253,512,Move,32982399,2
589,254,512,Move,32982407,2
592,255,512,Move,32982415,2
595,256,512,Move,32982423,2
597,258,512,Move,32982431,2
598,260,512,Move,32982439,2
600,261,512,Move,32982447,2
601,261,512,Move,32982455,2
602,263,512,Move,32982463,2
602,264,512,Move,32982471,2
603,264,512,Move,32982479,2
604,264,512,Move,32982487,2
605,265,512,Move,32982495,2
605,266,512,Move,32982503,2
607,266,512,Move,32982511,2
608,267,512,Move,32982519,2
608,268,512,Move,32982527,2
610,269,512,Move,32982535,2
611,271,512,Move,32982551,2
612,272,512,Move,32982559,2
613,272,512,Move,32982567,2
613,274,512,Move,32982575,2
613,275,512,Move,32982583,2
614,275,512,Move,32982591,2
615,276,512,Move,32982599,2
615,277,512,Move,32982607,2
615,278,512,Move,32982623,2
615,279,512,Move,32982631,2
615,280,512,Move,32982639,2
615,281,512,Move,32982655,2
615,282,512,Move,32982663,2
615,283,512,Move,32982679,2
615,284,512,Move,32982687,2
615,285,512,Move,32982711,2
615,286,512,Move,32982727,2
615,287,512,Move,32982752,2
615,288,512,Move,32982783,2
615,289,512,Move,32982799,2
614,289,512,Move,32982807,2
613,289,512,Move,32982815,2
613,290,512,Move,32982823,2
612,291,512,Move,32982831,2
611,291,512,Move,32982847,2
610,292,512,Move,32982855,2
610,293,512,Move,32982863,2
609,293,512,Move,32982871,2
608,293,512,Move,32982879,2
608,294,512,Move,32982887,2
607,294,512,Move,32982895,2
606,294,512,Move,32982903,2
605,295,512,Move,32982911,2
605,296,512,Move,32982919,2
604,296,512,Move,32982927,2
603,296,512,Move,32982935,2
602,296,512,Move,32982951,2
600,296,512,Move,32982959,2
597,296,512,Move,32982975,2
596,297,512,Move,32982983,2
595,297,512,Move,32982991,2
592,297,512,Move,32982999,2
591,297,512,Move,32983007,2
589,297,512,Move,32983015,2
586,297,512,Move,32983023,2
585,297,512,Move,32983031,2
583,297,512,Move,32983039,2
581,297,512,Move,32983047,2
580,297,512,Move,32983055,2
579,297,512,Move,32983063,2
578,297,512,Move,32983071,2
577,297,512,Move,32983079,2
576,297,512,Move,32983095,2
575,297,512,Move,32983103,2
573,297,512,Move,32983119,2
572,297,512,Move,32983128,2
571,297,512,Move,32983143,2
569,297,512,Move,32983151,2
568,297,512,Move,32983159,2
566,297,512,Move,32983167,2
565,297,512,Move,32983175,2
564,297,512,Move,32983183,2
562,297,512,Move,32983191,2
560,297,512,Move,32983199,2
558,297,512,Move,32983207,2
555,298,512,Move,32983215,2
552,298,512,Move,32983223,2
548,298,512,Move,32983231,2
544,298,512,Move,32983239,2
540,298,512,Move,32983247,2
536,299,512,Move,32983255,2
533,300,512,Move,32983263,2
529,300,512,Move,32983271,2
526,300,512,Move,32983279,2
522,301,512,Move,32983287,2
519,301,512,Move,32983295,2
517,301,512,Move,32983303,2
514,301,512,Move,32983311,2
513,301,512,Move,32983319,2
511,301,512,Move,32983327,2
510,301,512,Move,32983335,2
509,301,512,Move,32983343,2
508,301,512,Move,32983359,2
507,301,512,Move,32983367,2
506,301,512,Move,32983415,2
505,301,512,Move,32983431,2
505,300,512,Move,32983456,2
504,300,512,Move,32983479,2
504,299,512,Move,32983487,2
504,298,512,Move,32983503,2
503,298,512,Move,32983511,2
503,297,512,Move,32983519,2
503,296,512,Move,32983527,2
503,295,512,Move,32983535,2
502,295,512,Move,32983543,2
502,294,512,Move,32983551,2
502,293,512,Move,32983559,2
502,292,512,Move,32983575,2
502,291,512,Move,32983591,2
502,290,512,Move,32983599,2
502,289,512,Move,32983615,2
502,289,512,Move,32983616,2
502,288,512,Move,32983623,2
502,287,512,Move,32983631,2
502,286,512,Move,32983655,2
502,285,512,Move,32983663,2
502,285,513,Pressed,32984071,2
502,285,512,Move,32984087,2
502,285,514,Released,32984175,2
502,285,512,Move,32984176,2
502,285,515,doubleclick,32984327,2
502,285,512,Move,32984389,2
502,285,514,Released,32984463,2
503,285,512,Move,32984527,2
504,285,512,Move,32984535,2
506,285,512,Move,32984543,2
509,285,512,Move,32984551,2
512,285,512,Move,32984559,2
514,286,512,Move,32984567,2
517,287,512,Move,32984575,2
521,289,512,Move,32984583,2
524,290,512,Move,32984591,2
529,291,512,Move,32984599,2
534,292,512,Move,32984607,2
540,293,512,Move,32984615,2
548,295,512,Move,32984623,2
557,295,512,Move,32984631,2
565,296,512,Move,32984639,2
575,296,512,Move,32984647,2
585,296,512,Move,32984655,2
595,296,512,Move,32984663,2
607,296,512,Move,32984671,2
617,296,512,Move,32984679,2
629,294,512,Move,32984687,2
641,293,512,Move,32984695,2
653,290,512,Move,32984703,2
665,289,512,Move,32984711,2
675,286,512,Move,32984719,2
687,284,512,Move,32984727,2
700,282,512,Move,32984735,2
711,280,512,Move,32984743,2
721,278,512,Move,32984751,2
729,277,512,Move,32984759,2
740,275,512,Move,32984767,2
748,273,512,Move,32984775,2
754,272,512,Move,32984783,2
759,271,512,Move,32984791,2
763,270,512,Move,32984799,2
766,270,512,Move,32984807,2
767,270,512,Move,32984815,2
768,270,512,Move,32984823,2
769,270,512,Move,32984831,2
769,272,512,Move,32984895,2
768,273,512,Move,32984903,2
767,275,512,Move,32984911,2
765,279,512,Move,32984919,2
764,283,512,Move,32984927,2
762,289,512,Move,32984935,2
759,294,512,Move,32984943,2
757,300,512,Move,32984951,2
756,309,512,Move,32984959,2
755,320,512,Move,32984967,2
753,332,512,Move,32984975,2
753,344,512,Move,32984983,2
753,351,512,Move,32984991,2
753,367,512,Move,32984999,2
753,372,512,Move,32985007,2
753,379,512,Move,32985015,2
754,384,512,Move,32985023,2
755,387,512,Move,32985031,2
755,389,512,Move,32985039,2
755,390,512,Move,32985047,2
755,390,522,Unknown(522),32985199,2
755,390,522,Unknown(522),32985445,2
755,390,522,Unknown(522),32985711,2
755,390,522,Unknown(522),32985879,2
755,390,522,Unknown(522),32985935,2
755,390,522,Unknown(522),32985991,2
755,390,512,Move,32986147,2
926,190,512,Move,32987203,2
926,189,512,Move,32987239,2
927,189,512,Move,32987247,2
929,187,512,Move,32987255,2
930,185,512,Move,32987263,2
932,183,512,Move,32987271,2
933,182,512,Move,32987279,2
934,180,512,Move,32987287,2
936,178,512,Move,32987295,2
936,177,512,Move,32987303,2
937,177,512,Move,32987311,2
938,175,512,Move,32987319,2
939,174,512,Move,32987327,2
939,173,512,Move,32987335,2
940,172,512,Move,32987343,2
941,171,512,Move,32987351,2
942,170,512,Move,32987359,2
943,168,512,Move,32987367,2
944,168,512,Move,32987375,2
946,166,512,Move,32987383,2
946,164,512,Move,32987391,2
948,162,512,Move,32987399,2
951,161,512,Move,32987407,2
953,159,512,Move,32987415,2
954,158,512,Move,32987423,2
956,156,512,Move,32987431,2
958,154,512,Move,32987439,2
959,154,512,Move,32987447,2
960,152,512,Move,32987455,2
960,150,512,Move,32987463,2
961,150,512,Move,32987471,2
961,150,512,Move,32987475,2
961,148,512,Move,32987480,2
961,147,512,Move,32987487,2
961,145,512,Move,32987495,2
961,143,512,Move,32987503,2
961,141,512,Move,32987511,2
961,139,512,Move,32987519,2
961,136,512,Move,32987527,2
960,135,512,Move,32987535,2
960,133,512,Move,32987543,2
960,132,512,Move,32987551,2
959,130,512,Move,32987559,2
959,128,512,Move,32987567,2
959,127,512,Move,32987575,2
958,126,512,Move,32987583,2
958,124,512,Move,32987591,2
958,122,512,Move,32987607,2
958,120,512,Move,32987623,2
958,119,512,Move,32987631,2
958,117,512,Move,32987647,2
958,116,512,Move,32987655,2
958,115,160,Move,32987663,2
958,114,160,Move,32987671,2
958,114,160,Move,32987673,2
958,113,160,Move,32987679,2
958,112,160,Move,32987687,2
958,111,160,Move,32987695,2
958,110,160,Move,32987703,2
958,109,160,Move,32987719,2
958,108,160,Move,32987727,2
958,107,160,Move,32987743,2
958,106,160,Move,32987759,2
958,106,160,Move,32988081,2
957,106,160,Move,32988167,2
955,106,160,Move,32988175,2
945,107,160,Move,32988184,2
930,109,160,Move,32988191,2
911,112,160,Move,32988199,2
881,120,512,Move,32988207,2
841,126,512,Move,32988215,2
805,132,512,Move,32988223,2
762,141,512,Move,32988231,2
716,147,512,Move,32988239,2
673,156,512,Move,32988247,2
656,159,512,Move,32988255,2
627,164,512,Move,32988263,2
597,164,512,Move,32988271,2
569,164,512,Move,32988279,2
542,164,512,Move,32988287,2
518,164,512,Move,32988295,2
503,164,512,Move,32988303,2
490,164,512,Move,32988311,2
480,164,512,Move,32988319,2
471,164,512,Move,32988327,2
465,164,512,Move,32988335,2
459,164,512,Move,32988343,2
456,164,512,Move,32988351,2
453,164,512,Move,32988359,2
451,164,512,Move,32988367,2
450,163,512,Move,32988383,2
449,163,512,Move,32988415,2
449,162,512,Move,32988423,2
448,162,512,Move,32988431,2
448,161,512,Move,32988439,2
447,161,512,Move,32988447,2
446,160,512,Move,32988455,2
445,160,512,Move,32988463,2
442,159,512,Move,32988471,2
439,158,512,Move,32988479,2
435,158,512,Move,32988487,2
430,156,512,Move,32988495,2
423,155,512,Move,32988503,2
415,154,512,Move,32988511,2
405,154,512,Move,32988519,2
395,154,512,Move,32988527,2
383,154,512,Move,32988535,2
373,154,512,Move,32988543,2
363,154,512,Move,32988551,2
353,154,512,Move,32988559,2
346,154,512,Move,32988567,2
339,154,512,Move,32988575,2
339,154,512,Move,32988578,2
332,154,512,Move,32988583,2
329,153,512,Move,32988591,2
325,153,512,Move,32988599,2
321,152,512,Move,32988607,2
317,152,512,Move,32988615,2
314,152,512,Move,32988623,2
312,152,512,Move,32988631,2
309,151,512,Move,32988639,2
309,151,512,Move,32988641,2
308,151,512,Move,32988647,2
307,150,512,Move,32988656,2
306,150,512,Move,32988663,2
305,150,512,Move,32988671,2
304,149,512,Move,32988679,2
302,149,512,Move,32988687,2
300,149,512,Move,32988703,2
299,149,512,Move,32988711,2
298,149,512,Move,32988719,2
296,149,512,Move,32988727,2
295,149,512,Move,32988735,2
293,149,512,Move,32988743,2
292,149,512,Move,32988751,2
292,149,512,Move,32988762,2
292,149,512,Move,32988771,2
292,149,512,Move,32988780,2
292,149,512,Move,32988781,2
292,149,512,Move,32988782,2
292,149,512,Move,32988783,2
292,149,512,Move,32988800,2
292,149,512,Move,32988804,2
292,149,512,Move,32988820,2
292,149,512,Move,32988830,2
292,149,512,Move,32988830,2
292,149,512,Move,32988831,2
292,149,512,Move,32988853,2
292,149,512,Move,32988876,2
292,149,512,Move,32988876,2
292,149,512,Move,32988877,2
292,149,512,Move,32988878,2
292,149,512,Move,32988878,2
292,149,513,Pressed,32988888,2
292,149,514,Released,32988951,2
290,151,512,Move,32989061,2
290,152,512,Move,32989064,2
311,186,512,Move,32989217,2
318,192,512,Move,32989235,2
323,195,512,Move,32989239,2
327,198,512,Move,32989247,2
333,203,512,Move,32989255,2
339,208,512,Move,32989263,2
347,213,512,Move,32989271,2
353,218,512,Move,32989279,2
359,223,512,Move,32989287,2
365,227,512,Move,32989295,2
371,231,512,Move,32989303,2
375,234,512,Move,32989311,2
381,238,512,Move,32989319,2
385,241,512,Move,32989327,2
387,243,512,Move,32989335,2
391,246,512,Move,32989343,2
397,249,512,Move,32989351,2
402,252,512,Move,32989359,2
402,252,512,Move,32989366,2
408,254,512,Move,32989367,2
414,257,512,Move,32989375,2
421,261,512,Move,32989383,2
427,263,512,Move,32989391,2
431,265,512,Move,32989399,2
435,269,512,Move,32989407,2
440,271,512,Move,32989415,2
444,273,512,Move,32989423,2
448,274,512,Move,32989431,2
450,277,512,Move,32989439,2
455,279,512,Move,32989447,2
457,282,512,Move,32989455,2
462,285,512,Move,32989463,2
466,287,512,Move,32989471,2
469,290,512,Move,32989479,2
473,293,512,Move,32989487,2
478,296,512,Move,32989495,2
483,300,512,Move,32989503,2
486,303,512,Move,32989511,2
491,306,512,Move,32989519,2
494,307,512,Move,32989527,2
497,310,512,Move,32989535,2
503,312,512,Move,32989543,2
506,314,512,Move,32989551,2
511,316,512,Move,32989559,2
514,318,512,Move,32989567,2
519,320,512,Move,32989575,2
523,322,512,Move,32989583,2
529,324,512,Move,32989592,2
535,327,512,Move,32989599,2
540,329,512,Move,32989607,2
546,331,512,Move,32989615,2
552,333,512,Move,32989623,2
557,336,512,Move,32989631,2
561,338,512,Move,32989639,2
567,340,512,Move,32989647,2
571,341,512,Move,32989655,2
575,343,512,Move,32989663,2
579,344,512,Move,32989671,2
584,346,512,Move,32989679,2
590,348,512,Move,32989687,2
594,351,512,Move,32989695,2
601,351,512,Move,32989703,2
608,352,512,Move,32989711,2
617,353,512,Move,32989719,2
623,353,512,Move,32989727,2
632,353,512,Move,32989735,2
640,353,512,Move,32989743,2
645,353,512,Move,32989751,2
652,353,512,Move,32989759,2
657,353,512,Move,32989767,2
663,350,512,Move,32989775,2
666,350,512,Move,32989783,2
668,349,512,Move,32989791,2
671,349,512,Move,32989799,2
673,348,512,Move,32989807,2
673,347,512,Move,32989815,2
672,347,512,Move,32989823,2
671,347,512,Move,32989831,2
669,347,512,Move,32989839,2
666,346,512,Move,32989847,2
666,346,512,Move,32989884,2
666,346,512,Move,32989917,2
666,346,512,Move,32990149,2
667,346,512,Move,32990287,2
668,346,512,Move,32990303,2
668,347,512,Move,32990335,2
668,347,512,Move,32990374,2
668,347,512,Move,32990435,2
667,347,512,Move,32990479,2
668,347,512,Move,32990655,2
668,347,512,Move,32990913,2
668,347,512,Move,32990950,2
669,347,512,Move,32990959,2
669,346,512,Move,32990991,2
670,346,512,Move,32991183,2
671,346,512,Move,32991199,2
671,345,512,Move,32991375,2
672,345,512,Move,32991391,2
673,345,512,Move,32991399,2
675,344,512,Move,32991415,2
677,344,512,Move,32991423,2
679,342,512,Move,32991431,2
682,341,512,Move,32991439,2
685,339,512,Move,32991447,2
689,337,512,Move,32991455,2
695,335,512,Move,32991463,2
700,331,512,Move,32991471,2
706,329,512,Move,32991479,2
712,325,512,Move,32991487,2
719,323,512,Move,32991495,2
726,321,512,Move,32991503,2
732,317,512,Move,32991511,2
738,312,512,Move,32991519,2
744,309,512,Move,32991527,2
748,305,512,Move,32991535,2
751,304,512,Move,32991543,2
755,300,512,Move,32991551,2
758,299,512,Move,32991559,2
760,297,512,Move,32991567,2
761,296,512,Move,32991575,2
763,294,512,Move,32991583,2
765,293,512,Move,32991591,2
766,293,512,Move,32991599,2
766,292,512,Move,32991607,2
767,292,512,Move,32991615,2
768,291,512,Move,32991623,2
768,292,512,Move,32991799,2
768,293,512,Move,32991807,2
767,294,512,Move,32991823,2
766,295,512,Move,32991831,2
764,297,512,Move,32991847,2
762,299,512,Move,32991855,2
761,301,512,Move,32991863,2
759,302,512,Move,32991871,2
755,304,512,Move,32991879,2
753,307,512,Move,32991887,2
748,309,512,Move,32991895,2
743,313,512,Move,32991903,2
737,315,512,Move,32991911,2
731,317,512,Move,32991919,2
724,321,512,Move,32991927,2
715,324,512,Move,32991935,2
708,327,512,Move,32991943,2
701,330,512,Move,32991951,2
693,332,512,Move,32991959,2
686,334,512,Move,32991967,2
681,334,512,Move,32991975,2
674,335,512,Move,32991983,2
669,336,512,Move,32991991,2
663,337,512,Move,32991999,2
658,338,512,Move,32992007,2
654,338,512,Move,32992015,2
649,339,512,Move,32992023,2
642,340,512,Move,32992031,2
635,340,512,Move,32992039,2
627,340,512,Move,32992047,2
618,340,512,Move,32992055,2
608,340,512,Move,32992063,2
600,340,512,Move,32992071,2
591,340,512,Move,32992079,2
581,338,512,Move,32992087,2
573,337,512,Move,32992095,2
565,335,512,Move,32992103,2
557,335,512,Move,32992111,2
548,333,512,Move,32992119,2
541,332,512,Move,32992127,2
534,330,512,Move,32992135,2
529,329,512,Move,32992143,2
525,328,512,Move,32992151,2
522,328,512,Move,32992159,2
519,327,512,Move,32992167,2
516,327,512,Move,32992175,2
513,327,512,Move,32992183,2
509,327,512,Move,32992191,2
506,327,512,Move,32992199,2
501,327,512,Move,32992207,2
497,327,512,Move,32992215,2
493,327,512,Move,32992223,2
488,327,512,Move,32992231,2
484,327,512,Move,32992239,2
479,327,512,Move,32992247,2
478,327,512,Move,32992255,2
475,327,512,Move,32992263,2
474,327,512,Move,32992271,2
473,327,512,Move,32992287,2
472,327,512,Move,32992295,2
471,327,512,Move,32992311,2
470,327,512,Move,32992319,2
469,327,512,Move,32992327,2
468,327,512,Move,32992335,2
466,327,512,Move,32992343,2
464,327,512,Move,32992359,2
463,327,512,Move,32992367,2
462,327,512,Move,32992375,2
461,327,512,Move,32992383,2
460,328,512,Move,32992391,2
459,329,512,Move,32992399,2
457,329,512,Move,32992407,2
456,329,512,Move,32992423,2
455,329,512,Move,32992431,2
455,329,512,Move,32992437,2
455,330,512,Move,32992439,2
454,330,512,Move,32992447,2
454,330,513,Pressed,32992543,2
454,330,512,Move,32992559,2
454,330,514,Released,32992647,2
454,330,512,Move,32992648,2
454,330,515,doubleclick,32992791,2
454,330,512,Move,32992851,2
454,330,514,Released,32992895,2
457,330,512,Move,32992927,2
462,327,512,Move,32992935,2
471,325,512,Move,32992943,2
486,322,512,Move,32992951,2
503,316,512,Move,32992959,2
521,310,512,Move,32992967,2
545,304,512,Move,32992975,2
569,297,512,Move,32992983,2
593,288,512,Move,32992991,2
612,278,512,Move,32992999,2
632,269,512,Move,32993007,2
651,259,512,Move,32993015,2
667,250,512,Move,32993023,2
683,243,512,Move,32993031,2
697,235,512,Move,32993039,2
710,227,512,Move,32993047,2
723,220,512,Move,32993055,2
734,213,512,Move,32993063,2
746,206,512,Move,32993071,2
755,201,512,Move,32993079,2
766,194,512,Move,32993087,2
776,189,512,Move,32993095,2
787,184,512,Move,32993103,2
796,179,512,Move,32993111,2
805,173,512,Move,32993119,2
813,168,512,Move,32993127,2
818,166,512,Move,32993135,2
824,163,512,Move,32993143,2
830,160,512,Move,32993151,2
834,158,512,Move,32993159,2
837,156,512,Move,32993167,2
840,155,512,Move,32993175,2
845,153,512,Move,32993183,2
847,152,512,Move,32993191,2
850,151,512,Move,32993199,2
853,150,512,Move,32993207,2
856,149,512,Move,32993215,2
858,148,512,Move,32993223,2
861,148,512,Move,32993231,2
864,147,512,Move,32993239,2
866,147,512,Move,32993247,2
869,146,512,Move,32993255,2
872,146,512,Move,32993263,2
875,145,512,Move,32993271,2
878,145,512,Move,32993279,2
882,144,512,Move,32993287,2
886,143,512,Move,32993295,2
890,143,512,Move,32993303,2
893,142,512,Move,32993311,2
895,142,512,Move,32993319,2
899,141,512,Move,32993327,2
903,140,512,Move,32993335,2
906,138,512,Move,32993343,2
910,137,512,Move,32993351,2
912,135,512,Move,32993359,2
916,134,512,Move,32993367,2
918,133,512,Move,32993375,2
921,132,512,Move,32993383,2
922,131,512,Move,32993391,2
923,131,512,Move,32993399,2
924,130,512,Move,32993407,2
924,129,512,Move,32993415,2
925,128,512,Move,32993423,2
926,128,512,Move,32993431,2
927,127,512,Move,32993439,2
930,127,512,Move,32993447,2
932,126,512,Move,32993455,2
934,125,512,Move,32993463,2
935,124,512,Move,32993471,2
938,123,512,Move,32993479,2
940,122,512,Move,32993487,2
942,121,512,Move,32993495,2
944,120,512,Move,32993503,2
946,120,512,Move,32993511,2
949,119,512,Move,32993519,2
950,117,512,Move,32993527,2
952,117,512,Move,32993535,2
955,115,160,Move,32993543,2
957,114,160,Move,32993559,2
958,113,160,Move,32993567,2
958,112,160,Move,32993583,2
958,111,160,Move,32993607,2
958,110,160,Move,32993623,2
958,109,160,Move,32993647,2
958,108,160,Move,32993671,2
958,107,160,Move,32993687,2
958,106,160,Move,32993719,2
958,105,160,Move,32993727,2
958,105,161,Pressed,32993823,2
958,105,514,Released,32993895,2
958,105,512,Move,32993899,8
958,105,512,Move,32993931,8
958,105,512,Move,32993931,8
958,105,512,Move,32993932,8
958,105,512,Move,32993932,8
958,105,512,Move,32993933,8
958,105,512,Move,32993934,8
958,105,512,Move,32993934,8
958,105,512,Move,32993935,8
958,106,512,Move,32993935,8
958,106,512,Move,32993937,8
958,106,512,Move,32993937,8
958,106,512,Move,32993938,8
958,106,512,Move,32993939,8
958,106,512,Move,32993940,8
958,106,512,Move,32993941,8
958,106,512,Move,32993942,8
957,107,512,Move,32993943,8
957,107,512,Move,32993944,8
956,107,512,Move,32993951,8
956,107,512,Move,32993955,8
954,109,512,Move,32993967,8
953,112,512,Move,32993968,8
950,115,512,Move,32993975,8
945,119,512,Move,32993983,8
939,125,512,Move,32993991,8
933,133,512,Move,32993999,8
925,139,512,Move,32994007,8
918,149,512,Move,32994015,8
909,159,512,Move,32994026,8
902,169,512,Move,32994031,8
893,183,512,Move,32994039,8
880,199,512,Move,32994047,8
865,220,512,Move,32994055,8
844,243,512,Move,32994065,8
819,266,512,Move,32994071,8
795,292,512,Move,32994079,8
772,315,512,Move,32994087,8
750,337,512,Move,32994095,8
727,360,512,Move,32994103,8
704,383,512,Move,32994111,8
679,406,512,Move,32994119,8
659,426,512,Move,32994127,8
644,440,512,Move,32994135,8
631,451,512,Move,32994143,8
622,459,512,Move,32994151,8
613,467,512,Move,32994165,8
607,471,512,Move,32994167,8
603,476,512,Move,32994175,8
602,479,512,Move,32994183,8
601,481,512,Move,32994192,8
601,483,512,Move,32994199,8
599,484,512,Move,32994207,8
598,485,512,Move,32994215,8
597,482,512,Move,32994223,8
597,481,512,Move,32994447,8
598,481,512,Move,32994462,8
599,481,512,Move,32994463,8
598,481,512,Move,32994495,8
597,481,512,Move,32994511,8
596,481,512,Move,32994519,8
596,480,512,Move,32994527,8
595,480,512,Move,32994535,8
594,480,512,Move,32994543,8
593,480,512,Move,32994561,8
593,479,512,Move,32994583,8
592,479,512,Move,32994591,8
591,479,512,Move,32994599,8
590,479,512,Move,32994607,8
590,478,512,Move,32994615,8
589,477,512,Move,32994623,8
588,476,512,Move,32994631,8
587,475,512,Move,32994647,8
587,474,512,Move,32994661,8
586,473,512,Move,32994663,8
585,472,512,Move,32994671,8
584,471,512,Move,32994679,8
583,470,512,Move,32994695,8
582,469,512,Move,32994703,8
581,468,512,Move,32994711,8
580,466,512,Move,32994719,8
578,464,512,Move,32994727,8
575,461,512,Move,32994735,8
572,458,512,Move,32994743,8
569,455,512,Move,32994751,8
566,451,512,Move,32994761,8
563,448,512,Move,32994767,8
560,444,512,Move,32994775,8
555,439,512,Move,32994783,8
552,436,512,Move,32994791,8
548,432,512,Move,32994799,8
545,430,512,Move,32994807,8
541,427,512,Move,32994815,8
538,425,512,Move,32994823,8
536,422,512,Move,32994831,8
535,420,512,Move,32994839,8
535,419,512,Move,32994847,8
534,416,512,Move,32994861,8
533,415,512,Move,32994863,8
533,414,512,Move,32994871,8
533,412,512,Move,32994879,8
533,411,512,Move,32994887,8
532,410,512,Move,32994895,8
532,408,512,Move,32994903,8
532,407,512,Move,32994911,8
532,406,512,Move,32994919,8
531,405,512,Move,32994927,8
531,404,512,Move,32994966,8
531,403,512,Move,32995031,8
531,402,512,Move,32995095,8
530,402,512,Move,32995103,8
530,401,512,Move,32995127,8
530,400,512,Move,32995163,8
530,399,512,Move,32995183,8
529,399,512,Move,32995207,8
529,398,512,Move,32995215,8
529,397,512,Move,32995231,8
528,397,512,Move,32995247,8
528,397,516,Pressed,32995344,8
528,397,517,Released,32995399,8
528,397,512,Move,32995423,8
528,397,512,Move,32995426,8
528,400,512,Move,32995807,8
530,404,512,Move,32995815,8
539,422,512,Move,32995845,8
542,431,512,Move,32995848,8
546,440,512,Move,32995855,8
550,449,512,Move,32995863,8
554,458,512,Move,32995871,8
558,470,512,Move,32995880,8
563,481,512,Move,32995887,8
567,490,512,Move,32995895,8
571,499,512,Move,32995903,8
575,508,512,Move,32995911,8
578,515,512,Move,32995919,8
584,524,512,Move,32995927,8
586,531,512,Move,32995935,8
588,537,512,Move,32995943,8
589,541,512,Move,32995951,8
590,542,512,Move,32995959,8
592,545,512,Move,32995967,8
592,546,512,Move,32995979,8
592,547,512,Move,32995983,8
592,548,512,Move,32995991,8
592,549,512,Move,32995999,8
592,550,512,Move,32996023,8
592,550,513,Pressed,32996231,8
592,550,514,Released,32996327,8
592,550,512,Move,32996360,8
592,550,512,Move,32996393,8
592,550,512,Move,32996395,8
592,550,512,Move,32996398,8
592,550,512,Move,32996398,8
592,550,512,Move,32996582,8
592,550,512,Move,32996592,8
592,550,512,Move,32996603,8
592,549,512,Move,32996855,8
592,548,512,Move,32996863,8
593,547,512,Move,32996871,8
594,547,512,Move,32996879,8
595,545,512,Move,32996887,8
596,544,512,Move,32996895,8
597,543,512,Move,32996903,8
598,541,512,Move,32996911,8
599,539,512,Move,32996919,8
599,536,512,Move,32996927,8
600,534,512,Move,32996935,8
601,530,512,Move,32996944,8
601,526,512,Move,32996951,8
601,523,160,Move,32996959,25
601,518,512,Move,32996967,25
602,513,512,Move,32996975,25
603,508,512,Move,32996983,25
604,502,512,Move,32996991,25
605,498,512,Move,32996999,25
606,493,512,Move,32997007,25
606,488,512,Move,32997015,25
608,484,512,Move,32997023,25
608,481,512,Move,32997031,25
608,481,512,Move,32997032,25
612,477,512,Move,32997039,25
613,473,512,Move,32997047,25
615,470,512,Move,32997055,25
617,467,512,Move,32997063,25
619,465,512,Move,32997071,25
621,464,512,Move,32997079,25
622,463,512,Move,32997095,25
623,462,512,Move,32997103,25
624,462,512,Move,32997111,25
623,462,512,Move,32997127,25
623,462,512,Move,32997197,25
623,462,512,Move,32997200,25
623,462,512,Move,32997224,25
623,462,512,Move,32997227,25
623,462,512,Move,32997290,25
623,462,512,Move,32997291,25
623,462,512,Move,32997355,25
623,461,512,Move,32997375,25
623,461,512,Move,32997383,25
624,461,512,Move,32997383,25
624,461,512,Move,32997384,25
626,461,512,Move,32997391,25
623,459,512,Move,32997399,25
622,458,512,Move,32997407,25
621,457,512,Move,32997415,25
621,456,512,Move,32997431,25
621,456,512,Move,32997435,25
620,455,512,Move,32997455,25
620,454,160,Move,32997471,25
619,454,160,Move,32997479,25
619,453,160,Move,32997487,25
619,452,512,Move,32997495,25
619,451,512,Move,32997503,25
619,451,512,Move,32997507,25
618,451,512,Move,32997511,25
618,450,512,Move,32997519,25
618,450,512,Move,32997524,25
617,449,512,Move,32997527,25
617,448,512,Move,32997543,25
616,447,512,Move,32997551,25
616,446,512,Move,32997559,25
616,446,512,Move,32997562,25
616,445,512,Move,32997575,25
616,445,512,Move,32997576,25
616,444,512,Move,32997583,25
616,443,512,Move,32997599,25
616,442,512,Move,32997607,25
616,442,512,Move,32997613,25
617,441,512,Move,32997615,25
618,441,512,Move,32997623,25
618,440,512,Move,32997634,25
618,440,512,Move,32997635,25
620,439,512,Move,32997639,25
622,438,512,Move,32997647,25
622,437,512,Move,32997655,25
622,437,512,Move,32997658,25
625,436,160,Move,32997663,25
625,436,160,Move,32997665,25
625,436,160,Move,32997666,25
625,436,160,Move,32997667,25
625,436,160,Move,32997668,25
626,435,160,Move,32997671,25
628,433,512,Move,32997679,25
629,433,512,Move,32997687,25
631,431,512,Move,32997695,25
631,431,512,Move,32997699,25
632,430,512,Move,32997703,25
632,429,512,Move,32997711,25
634,429,512,Move,32997719,25
634,429,512,Move,32997721,25
635,428,512,Move,32997727,25
635,427,512,Move,32997735,25
635,427,512,Move,32997737,25
636,427,512,Move,32997743,25
637,426,512,Move,32997751,25
638,425,512,Move,32997759,25
638,425,512,Move,32997770,25
638,424,512,Move,32997775,25
638,424,512,Move,32997793,25
638,424,512,Move,32997794,25
638,424,512,Move,32997794,25
638,423,512,Move,32997799,25
638,422,512,Move,32997823,25
638,422,512,Move,32997827,25
638,422,512,Move,32997858,25
638,421,512,Move,32997895,25
638,420,512,Move,32997927,25
638,419,512,Move,32997959,25
638,419,512,Move,32998031,25
637,419,512,Move,32998087,25
637,418,512,Move,32998095,25
636,418,512,Move,32998103,25
635,418,512,Move,32998111,25
634,417,512,Move,32998119,25
633,417,512,Move,32998127,25
632,417,512,Move,32998135,25
630,416,512,Move,32998143,25
627,416,512,Move,32998151,25
625,416,512,Move,32998159,25
625,416,512,Move,32998160,25
623,416,512,Move,32998175,25
623,416,513,Pressed,32998247,25
623,416,512,Move,32998251,25
623,416,512,Move,32998251,25
623,416,514,Released,32998367,25
623,416,512,Move,32998369,25
623,416,512,Move,32998369,25
623,416,512,Move,32998395,25
623,416,512,Move,32998396,25
623,417,512,Move,32998471,25
622,418,512,Move,32998479,25
620,418,512,Move,32998487,25
619,420,512,Move,32998495,25
618,422,512,Move,32998503,25
617,423,512,Move,32998511,25
616,424,512,Move,32998519,25
616,426,512,Move,32998527,25
614,428,512,Move,32998535,25
613,428,512,Move,32998544,25
611,430,512,Move,32998551,25
611,432,512,Move,32998559,25
609,433,512,Move,32998567,25
608,435,512,Move,32998575,25
606,437,512,Move,32998583,25
605,439,512,Move,32998591,25
605,439,512,Move,32998592,25
602,441,512,Move,32998599,25
601,444,512,Move,32998607,25
596,447,512,Move,32998615,25
595,449,512,Move,32998628,25
595,449,512,Move,32998628,25
592,451,512,Move,32998631,25
592,451,512,Move,32998638,25
590,454,512,Move,32998639,25
588,456,512,Move,32998647,25
585,457,512,Move,32998655,25
584,459,512,Move,32998663,25
582,461,512,Move,32998671,25
580,463,512,Move,32998679,25
578,465,512,Move,32998687,25
577,465,512,Move,32998695,25
575,466,512,Move,32998703,25
574,467,512,Move,32998711,25
573,468,512,Move,32998719,25
571,468,512,Move,32998735,25
570,469,512,Move,32998751,25
569,470,512,Move,32998759,25
567,471,512,Move,32998767,25
566,472,512,Move,32998775,25
564,474,512,Move,32998783,25
564,474,512,Move,32998784,25
561,476,512,Move,32998791,25
560,476,512,Move,32998799,25
559,477,512,Move,32998807,25
558,478,512,Move,32998815,25
557,479,512,Move,32998831,25
556,479,512,Move,32998983,25
556,480,512,Move,32998999,25
555,480,512,Move,32999007,25
554,481,512,Move,32999031,25
553,482,512,Move,32999047,25
552,482,512,Move,32999055,25
552,483,512,Move,32999063,25
551,484,512,Move,32999071,25
550,484,512,Move,32999079,25
549,486,512,Move,32999087,25
549,486,512,Move,32999093,25
549,487,512,Move,32999095,25
548,488,512,Move,32999103,25
547,489,512,Move,32999111,25
546,490,512,Move,32999119,25
545,491,512,Move,32999135,25
545,492,512,Move,32999143,25
544,493,512,Move,32999151,25
543,493,512,Move,32999159,25
543,493,512,Move,32999160,25
543,494,512,Move,32999175,25
542,494,512,Move,32999183,25
542,494,512,Move,32999336,25
542,493,512,Move,32999423,25
542,491,512,Move,32999431,25
541,490,512,Move,32999439,25
541,487,512,Move,32999447,25
541,485,512,Move,32999455,25
540,483,512,Move,32999463,25
540,480,512,Move,32999471,25
539,477,512,Move,32999479,25
539,474,512,Move,32999487,25
539,472,512,Move,32999495,25
539,470,512,Move,32999503,25
539,469,512,Move,32999511,25
539,468,512,Move,32999519,25
539,466,512,Move,32999527,25
539,465,512,Move,32999543,25
539,464,512,Move,32999551,25
539,464,512,Move,32999639,25
539,463,512,Move,32999719,25
539,462,512,Move,32999727,25
539,461,512,Move,32999743,25
539,460,512,Move,32999767,25
539,459,512,Move,32999783,25
539,458,512,Move,32999847,25
539,457,512,Move,32999863,25
539,456,512,Move,32999887,25
539,457,512,Move,33000087,25
539,458,512,Move,33000095,25
538,461,512,Move,33000103,25
537,464,512,Move,33000111,25
535,468,512,Move,33000119,25
534,472,512,Move,33000127,25
533,477,512,Move,33000135,25
531,481,512,Move,33000143,25
529,490,512,Move,33000151,25
526,496,512,Move,33000159,25
525,501,512,Move,33000167,25
523,505,512,Move,33000175,25
523,509,512,Move,33000183,25
523,512,512,Move,33000191,25
523,514,512,Move,33000199,25
523,517,512,Move,33000207,25
522,519,512,Move,33000215,25
522,521,512,Move,33000223,25
521,523,512,Move,33000231,25
521,526,512,Move,33000239,25
520,529,512,Move,33000247,25
519,530,512,Move,33000255,25
518,532,512,Move,33000263,25
517,535,512,Move,33000271,25
516,536,512,Move,33000279,25
515,539,512,Move,33000287,25
514,541,512,Move,33000295,25
514,542,512,Move,33000303,25
514,544,512,Move,33000311,25
513,546,512,Move,33000319,25
513,547,512,Move,33000327,25
513,548,512,Move,33000431,25
513,549,512,Move,33000439,25
512,549,512,Move,33000463,25
512,550,512,Move,33000543,25
512,551,512,Move,33000559,25
511,551,512,Move,33000567,25
511,552,512,Move,33000583,25
511,553,512,Move,33000591,25
510,553,512,Move,33000599,25
510,554,512,Move,33000607,25
510,556,512,Move,33000615,25
510,556,512,Move,33000619,25
509,558,512,Move,33000631,25
509,558,512,Move,33000632,25
509,559,512,Move,33000639,25
509,560,512,Move,33000647,25
508,562,512,Move,33000655,25
508,563,512,Move,33000671,25
508,565,512,Move,33000679,25
507,565,512,Move,33000687,25
507,566,512,Move,33000695,25
507,567,512,Move,33000703,25
506,567,512,Move,33000711,25
506,568,512,Move,33000727,25
506,569,512,Move,33000735,25
505,569,512,Move,33000743,25
505,570,512,Move,33000767,25
505,571,512,Move,33000783,25
504,571,512,Move,33000799,25
504,572,512,Move,33000831,25
503,572,512,Move,33000847,25
503,573,512,Move,33000871,25
503,574,512,Move,33000895,25
503,575,512,Move,33000927,25
503,576,512,Move,33000943,25
502,576,512,Move,33000975,25
502,577,512,Move,33001007,25
502,576,512,Move,33001224,25
502,575,512,Move,33001231,25
502,574,512,Move,33001247,25
502,573,512,Move,33001263,25
502,572,512,Move,33001271,25
502,570,512,Move,33001287,25
503,568,512,Move,33001295,25
503,566,512,Move,33001311,25
503,564,512,Move,33001319,25
503,561,512,Move,33001335,25
503,560,512,Move,33001343,25
503,558,512,Move,33001351,25
503,557,512,Move,33001359,25
503,555,512,Move,33001375,25
503,555,512,Move,33001383,25
503,554,512,Move,33001383,25
503,554,512,Move,33001384,25
503,553,512,Move,33001399,25
503,552,512,Move,33001407,25
503,551,512,Move,33001423,25
503,550,512,Move,33001431,25
503,549,512,Move,33001447,25
503,548,512,Move,33001479,25
503,547,512,Move,33001503,25
503,546,512,Move,33001543,25
503,545,512,Move,33001567,25
503,544,512,Move,33001591,25
503,543,512,Move,33001615,25
503,542,512,Move,33001623,25
503,541,512,Move,33001631,25
503,540,512,Move,33001639,25
503,539,512,Move,33001647,25
503,538,512,Move,33001655,25
503,537,512,Move,33001671,25
503,536,512,Move,33001679,25
503,535,512,Move,33001711,25
503,536,512,Move,33001991,25
502,536,512,Move,33001999,25
501,537,512,Move,33002015,25
501,538,512,Move,33002023,25
501,539,512,Move,33002039,25
500,539,512,Move,33002047,25
500,539,512,Move,33002051,25
500,540,512,Move,33002079,25
500,540,513,Pressed,33002303,25
500,540,512,Move,33002304,25
500,540,512,Move,33002304,25
500,540,514,Released,33002367,25
500,540,512,Move,33002371,8
501,540,512,Move,33002528,8
502,539,512,Move,33002535,8
504,539,512,Move,33002543,8
506,538,512,Move,33002551,8
508,537,512,Move,33002559,8
511,536,512,Move,33002567,8
514,535,512,Move,33002575,8
518,534,512,Move,33002583,8
522,533,512,Move,33002591,8
527,533,512,Move,33002599,8
530,532,512,Move,33002607,8
535,531,512,Move,33002615,8
538,531,512,Move,33002623,8
542,530,512,Move,33002634,8
546,529,512,Move,33002639,8
549,529,512,Move,33002647,8
551,528,512,Move,33002655,8
552,528,512,Move,33002663,8
554,528,512,Move,33002671,8
555,527,512,Move,33002679,8
557,527,512,Move,33002687,8
560,527,512,Move,33002695,8
560,526,512,Move,33002703,8
562,525,512,Move,33002711,8
565,524,512,Move,33002719,8
567,523,160,Move,33002735,25
569,522,160,Move,33002743,25
569,521,160,Move,33002751,25
570,521,160,Move,33002759,25
572,521,160,Move,33002767,25
572,520,512,Move,33002775,25
572,519,512,Move,33002783,25
572,518,512,Move,33002799,25
572,517,512,Move,33002823,25
573,517,512,Move,33002839,25
573,516,512,Move,33002847,25
573,515,512,Move,33002863,25
573,514,512,Move,33002879,25
574,513,512,Move,33002895,25
574,512,512,Move,33002903,25
574,510,512,Move,33002919,25
574,509,512,Move,33002927,25
575,509,512,Move,33002935,25
576,508,512,Move,33002943,25
576,507,512,Move,33002951,25
576,506,512,Move,33002959,25
576,505,512,Move,33003015,25
576,504,512,Move,33003047,25
576,503,512,Move,33003071,25
576,502,512,Move,33003111,25
576,501,512,Move,33003151,25
576,500,512,Move,33003207,25
576,500,513,Pressed,33003343,25
576,500,514,Released,33003455,25
576,500,512,Move,33003699,8
576,500,512,Move,33003814,25
576,500,512,Move,33003815,25
576,500,512,Move,33004041,25
576,500,512,Move,33004041,25
576,500,512,Move,33004047,25
576,499,512,Move,33004159,25
576,498,512,Move,33004167,25
580,494,512,Move,33004175,25
586,490,512,Move,33004183,25
594,483,512,Move,33004191,25
602,477,512,Move,33004199,25
614,469,512,Move,33004207,25
625,459,512,Move,33004215,25
639,447,512,Move,33004223,25
652,435,512,Move,33004231,25
665,422,160,Move,33004239,25
703,382,512,Move,33004265,25
703,382,512,Move,33004265,25
716,369,512,Move,33004273,25
716,369,512,Move,33004273,25
729,357,512,Move,33004279,25
740,342,512,Move,33004287,25
753,330,512,Move,33004295,25
762,319,512,Move,33004303,25
771,308,512,Move,33004311,25
780,299,512,Move,33004319,25
787,288,512,Move,33004327,25
793,279,512,Move,33004338,25
800,271,512,Move,33004346,25
800,271,512,Move,33004347,25
805,263,512,Move,33004351,25
809,257,512,Move,33004359,25
814,251,512,Move,33004367,25
818,246,512,Move,33004375,25
821,241,512,Move,33004383,25
824,237,512,Move,33004391,25
830,231,512,Move,33004399,25
835,225,512,Move,33004407,25
842,217,512,Move,33004416,25
846,211,512,Move,33004423,25
851,205,512,Move,33004431,25
855,199,160,Move,33004439,25
859,195,160,Move,33004447,25
861,191,160,Move,33004455,25
865,186,160,Move,33004463,25
867,181,160,Move,33004471,25
869,177,512,Move,33004479,25
871,172,512,Move,33004487,25
872,169,512,Move,33004495,25
874,164,512,Move,33004503,25
876,160,512,Move,33004511,25
877,156,512,Move,33004519,25
879,154,512,Move,33004527,25
880,150,512,Move,33004535,25
881,147,512,Move,33004543,25
883,143,512,Move,33004551,25
885,140,512,Move,33004559,25
886,136,512,Move,33004567,25
888,134,512,Move,33004575,25
890,131,512,Move,33004583,25
893,127,512,Move,33004591,25
895,122,512,Move,33004599,25
895,122,512,Move,33004600,25
898,120,512,Move,33004607,25
902,115,512,Move,33004615,25
905,111,512,Move,33004623,25
908,108,512,Move,33004631,25
910,104,512,Move,33004639,25
914,99,512,Move,33004647,25
919,95,512,Move,33004655,25
921,91,512,Move,33004663,25
924,88,512,Move,33004671,25
926,84,512,Move,33004680,25
928,81,512,Move,33004687,25
930,79,512,Move,33004695,25
930,76,512,Move,33004703,25
930,75,512,Move,33004711,25
931,72,512,Move,33004719,25
931,72,512,Move,33004720,25
932,71,512,Move,33004727,25
932,70,512,Move,33004735,25
932,68,512,Move,33004743,25
933,67,512,Move,33004751,25
933,67,512,Move,33004752,25
934,67,512,Move,33004759,25
935,65,512,Move,33004767,25
935,64,512,Move,33004775,25
936,64,512,Move,33004783,25
937,63,512,Move,33004791,25
937,62,512,Move,33004799,25
937,62,512,Move,33004800,25
939,61,512,Move,33004807,25
940,61,512,Move,33004815,25
940,60,512,Move,33004823,25
942,59,512,Move,33004831,25
942,59,512,Move,33004832,25
944,57,512,Move,33004839,25
945,57,512,Move,33004847,25
947,56,512,Move,33004855,25
949,55,160,Move,33004863,25
952,52,512,Move,33004883,25
952,52,512,Move,33004884,25
954,51,512,Move,33004887,25
955,51,512,Move,33004895,25
955,50,512,Move,33004903,25
955,49,512,Move,33004911,25
956,49,512,Move,33004919,25
956,48,512,Move,33004927,25
956,48,512,Move,33004928,25
957,47,512,Move,33004943,25
958,46,512,Move,33004951,25
960,45,160,Move,33004967,25
960,45,160,Move,33004968,25
962,44,160,Move,33004975,25
963,44,160,Move,33004983,25
966,43,160,Move,33004991,25
968,42,160,Move,33004999,25
970,41,160,Move,33005007,25
972,40,160,Move,33005015,25
974,39,160,Move,33005023,25
976,38,160,Move,33005031,25
977,37,160,Move,33005039,25
978,37,160,Move,33005047,25
979,36,160,Move,33005055,25
979,35,160,Move,33005079,25
979,34,160,Move,33005127,25
979,34,161,Pressed,33005287,25
979,34,514,Released,33005359,25
979,34,512,Move,33005375,8
977,35,512,Move,33005425,8
976,36,512,Move,33005439,8
974,38,512,Move,33005447,8
973,38,512,Move,33005455,8
973,41,512,Move,33005463,8
971,42,512,Move,33005471,8
969,44,512,Move,33005479,8
967,47,512,Move,33005487,8
965,50,512,Move,33005495,8
963,53,512,Move,33005504,8
960,57,512,Move,33005511,8
957,61,512,Move,33005519,8
953,66,512,Move,33005527,8
948,72,512,Move,33005535,8
943,79,512,Move,33005543,8
939,85,512,Move,33005551,8
933,93,512,Move,33005559,8
926,102,512,Move,33005567,8
920,111,512,Move,33005575,8
910,120,512,Move,33005583,8
901,131,512,Move,33005591,8
891,141,512,Move,33005599,8
884,149,512,Move,33005607,8
876,156,512,Move,33005615,8
865,163,512,Move,33005623,8
857,171,512,Move,33005631,8
848,177,512,Move,33005639,8
837,184,512,Move,33005647,8
825,191,512,Move,33005655,8
816,196,512,Move,33005663,8
804,201,512,Move,33005671,8
792,207,512,Move,33005679,8
748,216,512,Move,33005706,8
727,219,512,Move,33005711,8
693,227,512,Move,33005719,8
667,233,512,Move,33005727,8
644,236,512,Move,33005735,8
624,240,512,Move,33005743,8
609,242,512,Move,33005751,8
596,243,512,Move,33005759,8
584,243,512,Move,33005767,8
571,243,512,Move,33005775,8
558,243,512,Move,33005783,8
546,243,512,Move,33005791,8
533,243,512,Move,33005799,8
521,243,512,Move,33005807,8
512,244,512,Move,33005815,8
511,244,512,Move,33006127,8
500,242,512,Move,33006135,8
487,240,512,Move,33006143,8
472,238,512,Move,33006151,8
456,234,512,Move,33006159,8
441,233,512,Move,33006167,8
428,230,512,Move,33006175,8
413,227,512,Move,33006183,8
398,225,512,Move,33006191,8
382,222,512,Move,33006199,8
367,220,512,Move,33006207,8
354,218,512,Move,33006215,8
339,215,512,Move,33006223,8
325,212,512,Move,33006231,8
313,211,512,Move,33006239,8
301,207,512,Move,33006247,8
292,203,512,Move,33006255,8
283,199,512,Move,33006263,8
276,197,512,Move,33006271,8
272,194,512,Move,33006279,8
267,189,512,Move,33006287,8
265,187,512,Move,33006295,8
262,185,512,Move,33006303,8
259,183,512,Move,33006311,8
257,182,512,Move,33006319,8
256,180,512,Move,33006327,8
256,179,512,Move,33006335,8
255,179,512,Move,33006343,8
255,177,512,Move,33006351,8
255,176,512,Move,33006359,8
255,174,512,Move,33006375,8
255,172,512,Move,33006383,8
255,171,512,Move,33006391,8
254,170,512,Move,33006399,8
253,169,512,Move,33006407,8
252,167,512,Move,33006415,8
250,165,512,Move,33006423,8
248,164,512,Move,33006431,8
245,162,512,Move,33006439,8
242,160,512,Move,33006447,8
240,159,512,Move,33006455,8
238,157,512,Move,33006463,8
237,156,512,Move,33006471,8
234,154,512,Move,33006479,8
232,152,512,Move,33006487,8
230,151,512,Move,33006495,8
228,149,512,Move,33006503,8
226,148,512,Move,33006511,8
224,146,512,Move,33006519,8
222,144,512,Move,33006527,8
221,143,512,Move,33006535,8
220,143,512,Move,33006543,8
218,143,512,Move,33006551,8
218,141,512,Move,33006559,8
217,140,512,Move,33006567,8
216,139,512,Move,33006575,8
215,139,512,Move,33006583,8
214,138,512,Move,33006591,8
212,137,512,Move,33006599,8
212,136,512,Move,33006607,8
211,136,512,Move,33006615,8
211,135,512,Move,33006623,8
210,135,512,Move,33006639,8
210,134,512,Move,33006647,8
210,133,512,Move,33006663,8
209,133,512,Move,33006671,8
209,132,512,Move,33006679,8
209,131,512,Move,33006695,8
209,130,512,Move,33006711,8
209,129,512,Move,33006783,8
209,129,512,Move,33007286,8
209,129,512,Move,33007576,8
209,129,512,Move,33007578,8
209,129,512,Move,33007579,8
209,129,512,Move,33007788,8
209,129,512,Move,33007792,8
209,129,512,Move,33007822,8
209,129,512,Move,33008003,8
209,129,512,Move,33008320,8
209,129,513,Pressed,33012151,8
209,129,512,Move,33012167,8
209,129,514,Released,33012255,8
209,129,512,Move,33012421,8
209,130,512,Move,33013087,8
209,133,512,Move,33013095,8
209,136,512,Move,33013103,8
209,140,512,Move,33013111,8
211,146,512,Move,33013119,8
213,151,512,Move,33013127,8
217,162,512,Move,33013135,8
222,171,512,Move,33013145,8
227,183,512,Move,33013151,8
234,195,512,Move,33013159,8
242,206,512,Move,33013167,8
249,215,512,Move,33013175,8
255,225,512,Move,33013183,8
264,239,512,Move,33013191,8
272,248,512,Move,33013199,8
278,257,512,Move,33013207,8
298,283,512,Move,33013234,8
311,303,512,Move,33013264,8
312,306,512,Move,33013271,8
312,308,512,Move,33013279,8
313,308,512,Move,33013287,8
313,309,512,Move,33013311,8
313,309,522,Unknown(522),33013831,8
313,309,512,Move,33013849,8
313,309,512,Move,33013858,8
313,309,512,Move,33013870,8
313,309,512,Move,33013875,8
313,309,522,Unknown(522),33013879,8
313,309,512,Move,33013883,8
313,309,512,Move,33013894,8
313,309,512,Move,33013902,8
313,309,512,Move,33013912,8
313,309,512,Move,33013922,8
313,309,512,Move,33013931,8
313,309,522,Unknown(522),33013935,8
313,309,512,Move,33013941,8
313,309,512,Move,33013953,8
313,309,512,Move,33013964,8
313,309,512,Move,33013974,8
313,309,512,Move,33013981,8
313,309,512,Move,33013991,8
313,309,522,Unknown(522),33013999,8
313,309,512,Move,33014002,8
313,309,512,Move,33014010,8
313,309,512,Move,33014020,8
313,309,512,Move,33014030,8
313,309,512,Move,33014041,8
313,309,512,Move,33014051,8
313,309,522,Unknown(522),33014055,8
313,309,512,Move,33014061,8
313,309,512,Move,33014073,8
313,309,512,Move,33014084,8
313,309,512,Move,33014094,8
313,309,512,Move,33014103,8
313,309,512,Move,33014113,8
313,309,512,Move,33014123,8
313,309,512,Move,33014134,8
313,309,512,Move,33014143,8
313,309,512,Move,33014153,8
313,310,512,Move,33014287,8
313,311,512,Move,33014303,8
313,313,512,Move,33014311,8
314,315,512,Move,33014319,8
315,318,512,Move,33014327,8
317,320,512,Move,33014335,8
331,340,512,Move,33014391,8
333,341,512,Move,33014399,8
334,344,512,Move,33014407,8
335,346,512,Move,33014415,8
336,348,512,Move,33014423,8
338,348,512,Move,33014431,8
339,351,512,Move,33014439,8
341,356,512,Move,33014465,8
342,358,512,Move,33014471,8
344,361,512,Move,33014479,8
344,363,512,Move,33014495,8
344,365,512,Move,33014503,8
344,367,512,Move,33014511,8
344,369,512,Move,33014519,8
344,375,512,Move,33014545,8
344,377,512,Move,33014551,8
344,377,522,Unknown(522),33014559,8
344,378,512,Move,33014567,8
344,378,512,Move,33014572,8
344,378,512,Move,33014581,8
345,379,512,Move,33014583,8
347,381,512,Move,33014591,8
349,384,512,Move,33014601,8
350,385,512,Move,33014607,8
350,385,512,Move,33014610,8
350,385,512,Move,33014620,8
350,385,512,Move,33014631,8
350,385,512,Move,33014640,8
350,385,512,Move,33014650,8
350,385,512,Move,33014660,8
351,385,512,Move,33014727,8
351,383,512,Move,33014735,8
351,382,512,Move,33014743,8
352,382,512,Move,33014751,8
353,381,512,Move,33014759,8
353,380,512,Move,33014767,8
354,379,512,Move,33014775,8
355,379,512,Move,33014783,8
356,377,512,Move,33014791,8
356,376,512,Move,33014799,8
357,376,512,Move,33014807,8
358,374,512,Move,33014815,8
358,373,512,Move,33014823,8
358,372,512,Move,33014831,8
359,369,512,Move,33014839,8
360,366,512,Move,33014847,8
362,364,512,Move,33014855,8
363,361,512,Move,33014863,8
364,357,512,Move,33014871,8
365,355,512,Move,33014879,8
366,351,512,Move,33014887,8
367,349,512,Move,33014895,8
367,345,512,Move,33014903,8
367,342,512,Move,33014911,8
367,340,512,Move,33014919,8
367,337,512,Move,33014927,8
367,334,512,Move,33014935,8
367,332,512,Move,33014943,8
367,330,512,Move,33014951,8
367,327,512,Move,33014959,8
367,326,512,Move,33014967,8
366,323,512,Move,33014975,8
366,321,512,Move,33014983,8
365,320,512,Move,33014991,8
365,318,512,Move,33014999,8
365,316,512,Move,33015007,8
364,313,512,Move,33015032,8
364,311,512,Move,33015047,8
363,310,512,Move,33015063,8
363,309,512,Move,33015071,8
363,308,512,Move,33015079,8
362,308,512,Move,33015087,8
362,307,512,Move,33015096,8
362,307,512,Move,33015239,8
362,307,516,Pressed,33015271,8
362,307,517,Released,33015343,8
362,307,512,Move,33015366,8
362,307,512,Move,33015368,8
362,309,512,Move,33015671,8
364,313,512,Move,33015679,8
372,327,512,Move,33015707,8
373,332,512,Move,33015711,8
376,337,512,Move,33015719,8
378,342,512,Move,33015727,8
381,346,512,Move,33015735,8
383,352,512,Move,33015743,8
385,356,512,Move,33015751,8
387,363,512,Move,33015759,8
391,369,512,Move,33015767,8
393,375,512,Move,33015775,8
395,379,512,Move,33015783,8
397,385,512,Move,33015791,8
399,389,512,Move,33015799,8
400,393,512,Move,33015807,8
402,397,512,Move,33015815,8
403,400,512,Move,33015823,8
404,402,512,Move,33015831,8
406,405,512,Move,33015839,8
407,408,512,Move,33015847,8
408,410,512,Move,33015855,8
409,411,512,Move,33015863,8
410,414,512,Move,33015871,8
410,416,512,Move,33015879,8
410,418,512,Move,33015887,8
411,420,512,Move,33015895,8
412,422,512,Move,33015903,8
413,423,512,Move,33015911,8
414,425,512,Move,33015919,8
415,426,512,Move,33015927,8
415,427,512,Move,33015935,8
415,428,512,Move,33016047,8
415,429,512,Move,33016063,8
415,430,512,Move,33016079,8
415,431,512,Move,33016087,8
415,432,512,Move,33016095,8
415,433,512,Move,33016103,8
415,434,512,Move,33016111,8
416,435,512,Move,33016119,8
416,437,512,Move,33016127,8
416,438,512,Move,33016135,8
417,439,512,Move,33016143,8
417,441,512,Move,33016151,8
417,442,512,Move,33016159,8
418,443,512,Move,33016167,8
418,444,512,Move,33016175,8
418,445,512,Move,33016183,8
418,446,512,Move,33016191,8
418,447,512,Move,33016199,8
418,448,512,Move,33016207,8
419,448,512,Move,33016215,8
419,449,512,Move,33016223,8
419,450,512,Move,33016231,8
419,450,512,Move,33016395,8
419,450,512,Move,33016409,8
419,450,513,Pressed,33016415,8
419,450,514,Released,33016487,8
419,450,512,Move,33016496,8
419,450,512,Move,33016498,8
419,450,512,Move,33016499,8
419,450,512,Move,33016499,8
419,450,512,Move,33016500,8
419,450,512,Move,33016501,8
419,450,512,Move,33016501,8
419,450,512,Move,33016502,8
419,450,512,Move,33016502,8
419,450,512,Move,33016503,8
419,450,512,Move,33016503,8
419,450,512,Move,33016504,8
419,450,512,Move,33016505,8
419,450,512,Move,33016506,8
419,450,512,Move,33016507,8
419,450,512,Move,33016507,8
419,450,512,Move,33016508,8
419,450,512,Move,33016508,8
419,450,512,Move,33016509,8
419,450,512,Move,33016509,8
419,450,512,Move,33016510,8
419,450,512,Move,33016510,8
419,450,512,Move,33016511,8
419,450,512,Move,33016591,8
419,450,512,Move,33016592,8
419,451,512,Move,33016666,8
421,451,512,Move,33016671,8
422,451,512,Move,33016681,8
422,451,512,Move,33016684,8
422,451,512,Move,33016685,8
422,451,512,Move,33016687,8
425,451,512,Move,33016687,8
425,451,512,Move,33016689,8
425,451,512,Move,33016690,8
425,451,512,Move,33016690,8
425,451,512,Move,33016691,8
425,451,512,Move,33016692,8
425,451,512,Move,33016692,8
425,451,512,Move,33016693,8
425,451,512,Move,33016693,8
425,451,512,Move,33016694,8
425,451,512,Move,33016694,8
425,451,512,Move,33016695,8
428,451,512,Move,33016695,8
428,451,512,Move,33016697,8
428,451,512,Move,33016697,8
428,451,512,Move,33016698,8
428,451,512,Move,33016698,8
428,451,512,Move,33016699,8
428,451,512,Move,33016699,8
428,451,512,Move,33016700,8
428,451,512,Move,33016701,8
428,451,512,Move,33016701,8
428,451,512,Move,33016702,8
428,451,512,Move,33016702,8
430,451,512,Move,33016703,8
430,451,512,Move,33016704,8
430,451,512,Move,33016705,8
430,451,512,Move,33016705,8
430,451,512,Move,33016706,8
430,451,512,Move,33016707,8
430,451,512,Move,33016707,8
430,451,512,Move,33016708,8
430,451,512,Move,33016708,8
430,451,512,Move,33016709,8
431,451,512,Move,33016711,8
433,451,512,Move,33016719,8
433,450,512,Move,33016727,8
432,449,512,Move,33016735,8
431,448,512,Move,33016743,8
431,448,512,Move,33016792,8
431,448,512,Move,33016792,8
431,448,512,Move,33016793,8
431,448,512,Move,33016793,8
431,448,512,Move,33016794,8
431,448,512,Move,33016796,8
431,448,512,Move,33016796,8
431,448,512,Move,33016798,8
431,448,512,Move,33016799,8
431,448,512,Move,33016800,8
431,448,512,Move,33016800,8
431,448,512,Move,33016801,8
431,448,512,Move,33016860,25
431,448,512,Move,33016860,25
431,448,512,Move,33016880,25
431,448,512,Move,33016881,25
431,448,512,Move,33016954,25
431,448,512,Move,33016955,25
432,447,512,Move,33017015,25
433,447,512,Move,33017023,25
432,446,512,Move,33017031,25
434,445,512,Move,33017039,25
435,444,512,Move,33017047,25
436,443,512,Move,33017055,25
438,443,512,Move,33017063,25
438,442,512,Move,33017071,25
439,442,512,Move,33017087,25
440,442,512,Move,33017103,25
441,442,512,Move,33017111,25
443,443,512,Move,33017119,25
447,444,512,Move,33017127,25
449,446,512,Move,33017135,25
451,448,512,Move,33017143,25
454,451,512,Move,33017151,25
457,452,512,Move,33017159,25
461,456,512,Move,33017167,25
463,457,512,Move,33017175,25
466,459,512,Move,33017183,25
470,461,512,Move,33017191,25
471,463,512,Move,33017199,25
474,466,512,Move,33017207,25
476,468,512,Move,33017215,25
478,469,512,Move,33017223,25
479,470,512,Move,33017231,25
479,470,512,Move,33017235,25
480,472,512,Move,33017240,25
480,472,512,Move,33017241,25
482,474,512,Move,33017247,25
482,474,512,Move,33017254,25
485,476,512,Move,33017255,25
488,478,512,Move,33017263,25
490,480,512,Move,33017271,25
495,483,512,Move,33017279,25
497,485,512,Move,33017287,25
502,488,512,Move,33017295,25
505,489,512,Move,33017303,25
509,490,512,Move,33017311,25
513,492,512,Move,33017319,25
517,493,512,Move,33017327,25
517,493,512,Move,33017328,25
523,495,512,Move,33017335,25
528,496,512,Move,33017343,25
533,496,512,Move,33017351,25
539,497,512,Move,33017359,25
544,498,512,Move,33017367,25
550,499,512,Move,33017375,25
555,499,512,Move,33017383,25
560,500,512,Move,33017391,25
564,501,512,Move,33017399,25
567,501,512,Move,33017407,25
570,501,512,Move,33017415,25
571,501,512,Move,33017423,25
573,501,512,Move,33017431,25
574,501,512,Move,33017439,25
576,501,512,Move,33017447,25
576,501,512,Move,33017452,25
577,501,512,Move,33017455,25
578,501,512,Move,33017463,25
579,501,512,Move,33017471,25
581,501,512,Move,33017479,25
582,501,512,Move,33017487,25
584,501,512,Move,33017495,25
586,501,512,Move,33017504,25
586,501,512,Move,33017504,25
587,501,512,Move,33017511,25
587,501,512,Move,33017518,25
589,501,512,Move,33017519,25
589,501,512,Move,33017520,25
591,501,512,Move,33017527,25
592,501,512,Move,33017543,25
593,501,512,Move,33017551,25
593,502,512,Move,33017559,25
593,502,512,Move,33017571,25
593,502,512,Move,33017601,25
593,502,512,Move,33017603,25
593,502,512,Move,33017604,25
593,502,512,Move,33017605,25
593,502,512,Move,33017605,25
593,502,512,Move,33017606,25
593,502,513,Pressed,33017681,25
593,502,513,Pressed,33017681,25
593,502,514,Released,33017783,25
593,502,512,Move,33017811,8
593,502,512,Move,33017924,25
593,502,512,Move,33017925,25
589,409,512,Move,33018160,25
589,409,512,Move,33018161,25
598,393,512,Move,33018168,25
598,393,512,Move,33018169,25
606,379,512,Move,33018175,25
618,362,512,Move,33018183,25
628,350,512,Move,33018191,25
640,335,512,Move,33018199,25
649,321,512,Move,33018207,25
649,321,512,Move,33018210,25
649,321,512,Move,33018211,25
664,306,512,Move,33018215,25
771,217,512,Move,33018265,25
771,217,512,Move,33018266,25
786,205,512,Move,33018271,25
800,195,160,Move,33018279,25
814,183,160,Move,33018287,25
828,174,512,Move,33018295,25
841,164,512,Move,33018303,25
852,156,512,Move,33018311,25
861,148,512,Move,33018319,25
870,141,512,Move,33018327,25
879,135,512,Move,33018335,25
889,128,512,Move,33018343,25
904,118,512,Move,33018363,25
904,118,512,Move,33018363,25
910,115,512,Move,33018367,25
917,109,512,Move,33018375,25
923,106,512,Move,33018383,25
927,105,512,Move,33018391,25
931,103,512,Move,33018399,25
934,101,512,Move,33018407,25
936,100,512,Move,33018416,25
938,99,512,Move,33018423,25
939,98,512,Move,33018431,25
940,98,512,Move,33018439,25
940,96,512,Move,33018456,25
940,96,512,Move,33018456,25
940,95,512,Move,33018463,25
941,95,512,Move,33018471,25
943,93,512,Move,33018479,25
943,91,512,Move,33018487,25
946,89,512,Move,33018495,25
948,88,512,Move,33018503,25
951,85,512,Move,33018511,25
954,83,512,Move,33018519,25
958,80,512,Move,33018527,25
962,75,512,Move,33018541,25
962,75,512,Move,33018541,25
965,72,512,Move,33018543,25
970,69,512,Move,33018551,25
974,65,512,Move,33018559,25
977,63,512,Move,33018567,25
980,60,512,Move,33018575,25
981,57,512,Move,33018583,25
981,55,512,Move,33018591,25
983,54,160,Move,33018599,25
984,52,160,Move,33018607,25
984,50,160,Move,33018615,25
984,48,160,Move,33018631,25
984,47,160,Move,33018639,25
984,46,160,Move,33018655,25
984,45,160,Move,33018663,25
984,44,160,Move,33018679,25
984,43,160,Move,33018719,25
984,42,160,Move,33018767,25
983,42,160,Move,33018775,25
982,41,160,Move,33018783,25
981,41,160,Move,33018791,25
981,40,160,Move,33018799,25
980,40,160,Move,33018807,25
979,39,160,Move,33018815,25
978,38,160,Move,33018823,25
978,37,160,Move,33018847,25
977,37,160,Move,33018863,25
977,37,160,Move,33018864,25
977,36,160,Move,33018871,25
977,36,161,Pressed,33018935,25
977,36,514,Released,33019031,25
976,36,512,Move,33019051,8
971,43,512,Move,33019092,8
969,44,512,Move,33019098,8
968,47,512,Move,33019110,8
966,47,512,Move,33019111,8
964,50,512,Move,33019119,8
962,53,512,Move,33019127,8
960,56,512,Move,33019135,8
957,59,512,Move,33019143,8
952,62,512,Move,33019151,8
945,68,512,Move,33019159,8
889,109,512,Move,33019210,8
875,118,512,Move,33019216,8
860,126,512,Move,33019223,8
840,138,512,Move,33019231,8
821,147,512,Move,33019239,8
798,158,512,Move,33019247,8
770,169,512,Move,33019255,8
731,186,512,Move,33019263,8
703,198,512,Move,33019271,8
664,213,512,Move,33019279,8
621,223,512,Move,33019287,8
576,237,512,Move,33019295,8
533,245,512,Move,33019303,8
486,259,512,Move,33019311,8
445,272,512,Move,33019319,8
427,278,512,Move,33019327,8
400,285,512,Move,33019335,8
370,293,512,Move,33019343,8
343,300,512,Move,33019351,8
316,305,512,Move,33019359,8
293,310,512,Move,33019367,8
276,311,512,Move,33019375,8
261,314,512,Move,33019383,8
227,321,512,Move,33019408,8
215,322,512,Move,33019415,8
205,325,512,Move,33019423,8
195,325,512,Move,33019431,8
186,325,512,Move,33019439,8
184,325,512,Move,33019447,8
182,325,512,Move,33019455,8
181,325,512,Move,33019759,8
179,324,512,Move,33019767,8
178,324,512,Move,33019775,8
177,324,512,Move,33019783,8
175,324,512,Move,33019791,8
175,323,512,Move,33019799,8
174,323,512,Move,33019807,8
173,323,512,Move,33019815,8
173,322,512,Move,33019823,8
172,322,512,Move,33019831,8
172,322,512,Move,33020488,8
172,322,512,Move,33020631,8
172,322,512,Move,33023184,8
169,322,512,Move,33023935,8
169,319,512,Move,33023943,8
170,307,512,Move,33023951,8
171,303,512,Move,33023959,8
173,298,512,Move,33023967,8
174,291,512,Move,33023975,8
176,283,512,Move,33023983,8
180,276,512,Move,33023991,8
183,267,512,Move,33023999,8
186,260,512,Move,33024007,8
190,249,512,Move,33024015,8
191,244,512,Move,33024023,8
193,234,512,Move,33024031,8
195,225,512,Move,33024039,8
199,217,512,Move,33024047,8
201,213,512,Move,33024055,8
204,209,512,Move,33024063,8
209,205,512,Move,33024071,8
211,202,512,Move,33024079,8
214,198,512,Move,33024087,8
217,193,512,Move,33024095,8
219,191,512,Move,33024103,8
220,189,512,Move,33024111,8
221,188,512,Move,33024119,8
222,186,512,Move,33024127,8
223,184,512,Move,33024135,8
224,184,512,Move,33024143,8
224,183,512,Move,33024151,8
225,182,512,Move,33024159,8
227,182,512,Move,33024167,8
228,181,512,Move,33024175,8
230,179,512,Move,33024183,8
232,177,512,Move,33024191,8
234,176,512,Move,33024199,8
238,173,512,Move,33024207,8
241,170,512,Move,33024215,8
245,167,512,Move,33024223,8
251,164,512,Move,33024231,8
255,160,512,Move,33024239,8
261,155,512,Move,33024247,8
264,154,512,Move,33024255,8
267,149,512,Move,33024263,8
269,147,512,Move,33024271,8
270,145,512,Move,33024279,8
271,143,512,Move,33024287,8
272,142,512,Move,33024295,8
272,140,512,Move,33024303,8
272,138,512,Move,33024311,8
272,137,512,Move,33024327,8
272,136,512,Move,33024335,8
272,135,512,Move,33024343,8
271,135,512,Move,33024423,8
270,135,512,Move,33024431,8
269,135,512,Move,33024439,8
267,135,512,Move,33024447,8
265,135,512,Move,33024455,8
264,135,512,Move,33024463,8
261,135,512,Move,33024471,8
259,135,512,Move,33024479,8
258,134,512,Move,33024487,8
256,134,512,Move,33024495,8
253,133,512,Move,33024503,8
252,133,512,Move,33024511,8
250,132,512,Move,33024519,8
249,132,512,Move,33024527,8
247,130,512,Move,33024535,8
245,130,512,Move,33024543,8
245,129,512,Move,33024551,8
244,129,512,Move,33024559,8
243,129,512,Move,33024567,8
242,128,512,Move,33024575,8
241,128,512,Move,33024607,8
241,127,512,Move,33024615,8
241,127,513,Pressed,33024775,8
241,127,514,Released,33024823,8
250,129,512,Move,33024989,8
252,129,512,Move,33024994,8
255,129,512,Move,33024999,8
256,129,512,Move,33025008,8
262,129,512,Move,33025042,8
263,129,512,Move,33025055,8
262,129,512,Move,33025287,8
261,129,512,Move,33025303,8
260,129,512,Move,33025311,8
259,129,512,Move,33025319,8
258,129,512,Move,33025327,8
257,129,512,Move,33025335,8
255,129,512,Move,33025343,8
254,129,512,Move,33025351,8
253,129,512,Move,33025359,8
251,129,512,Move,33025367,8
249,129,512,Move,33025375,8
248,129,512,Move,33025391,8
247,129,512,Move,33025399,8
246,129,512,Move,33025456,8
246,130,512,Move,33025471,8
245,131,512,Move,33025479,8
245,132,512,Move,33025487,8
244,135,512,Move,33025495,8
243,137,512,Move,33025503,8
243,140,512,Move,33025511,8
243,144,512,Move,33025519,8
243,150,512,Move,33025527,8
243,157,512,Move,33025535,8
244,164,512,Move,33025543,8
245,173,512,Move,33025551,8
246,183,512,Move,33025559,8
250,194,512,Move,33025567,8
254,206,512,Move,33025575,8
260,218,512,Move,33025583,8
264,230,512,Move,33025591,8
271,244,512,Move,33025599,8
276,258,512,Move,33025607,8
286,298,512,Move,33025634,8
292,332,512,Move,33025662,8
293,344,512,Move,33025664,8
296,353,512,Move,33025671,8
297,362,512,Move,33025679,8
300,370,512,Move,33025687,8
302,375,512,Move,33025695,8
304,379,512,Move,33025703,8
305,383,512,Move,33025711,8
306,385,512,Move,33025719,8
306,387,512,Move,33025727,8
307,388,512,Move,33025735,8
307,388,522,Unknown(522),33026255,8
307,388,512,Move,33026272,8
307,388,512,Move,33026273,8
307,388,512,Move,33026276,8
307,388,512,Move,33026284,8
307,388,512,Move,33026285,8
307,388,522,Unknown(522),33026287,8
307,388,512,Move,33026297,8
307,388,512,Move,33026297,8
307,388,512,Move,33026301,8
307,388,522,Unknown(522),33026311,8
307,388,512,Move,33026321,8
307,388,512,Move,33026321,8
307,388,512,Move,33026324,8
307,388,512,Move,33026333,8
307,388,522,Unknown(522),33026335,8
307,388,522,Unknown(522),33026359,8
307,388,512,Move,33026364,8
307,388,512,Move,33026365,8
307,388,512,Move,33026368,8
307,388,512,Move,33026368,8
307,388,512,Move,33026371,8
307,388,512,Move,33026394,8
307,388,512,Move,33026394,8
307,388,512,Move,33026397,8
307,388,512,Move,33026407,8
307,388,512,Move,33026420,8
307,388,512,Move,33026421,8
307,388,512,Move,33026423,8
307,388,512,Move,33026444,8
307,388,512,Move,33026444,8
307,388,512,Move,33026446,8
308,388,512,Move,33026631,8
309,388,512,Move,33026639,8
313,388,512,Move,33026655,8
314,387,512,Move,33026663,8
317,387,512,Move,33026671,8
320,386,512,Move,33026679,8
321,386,512,Move,33026687,8
323,385,512,Move,33026695,8
325,384,512,Move,33026703,8
326,384,512,Move,33026711,8
327,383,512,Move,33026719,8
328,382,512,Move,33026727,8
329,382,512,Move,33026751,8
330,382,512,Move,33026767,8
331,381,512,Move,33026775,8
331,380,512,Move,33026799,8
331,379,512,Move,33026807,8
332,378,512,Move,33026815,8
332,376,512,Move,33026831,8
332,374,512,Move,33026839,8
332,372,512,Move,33026847,8
332,370,512,Move,33026855,8
332,367,512,Move,33026863,8
332,362,512,Move,33026888,8
332,361,512,Move,33026895,8
332,360,512,Move,33026903,8
332,356,512,Move,33026956,8
332,355,512,Move,33026975,8
332,354,512,Move,33027031,8
332,354,516,Pressed,33027151,8
332,354,517,Released,33027231,8
332,354,512,Move,33027254,8
332,354,512,Move,33027258,8
332,356,512,Move,33027535,8
332,358,512,Move,33027543,8
332,362,512,Move,33027551,8
332,366,512,Move,33027559,8
332,370,512,Move,33027567,8
334,384,512,Move,33027593,8
335,389,512,Move,33027599,8
337,395,512,Move,33027607,8
340,399,512,Move,33027615,8
342,405,512,Move,33027623,8
343,408,512,Move,33027631,8
344,412,512,Move,33027639,8
346,413,512,Move,33027647,8
347,415,512,Move,33027655,8
348,418,512,Move,33027663,8
349,421,512,Move,33027671,8
351,423,512,Move,33027679,8
352,426,512,Move,33027687,8
354,430,512,Move,33027695,8
356,434,512,Move,33027703,8
357,438,512,Move,33027711,8
358,442,512,Move,33027719,8
360,446,512,Move,33027727,8
362,450,512,Move,33027735,8
364,454,512,Move,33027743,8
365,457,512,Move,33027751,8
366,460,512,Move,33027759,8
367,463,512,Move,33027767,8
368,465,512,Move,33027775,8
368,467,512,Move,33027783,8
368,470,512,Move,33027791,8
369,471,512,Move,33027799,8
370,473,512,Move,33027807,8
371,475,512,Move,33027815,8
372,477,512,Move,33027823,8
372,478,512,Move,33027831,8
372,480,512,Move,33027839,8
372,482,512,Move,33027847,8
372,483,512,Move,33027855,8
372,485,512,Move,33027863,8
372,486,512,Move,33027871,8
372,487,512,Move,33027879,8
372,488,512,Move,33027887,8
372,490,512,Move,33027903,8
372,491,512,Move,33027911,8
372,493,512,Move,33027927,8
372,494,512,Move,33027935,8
372,495,512,Move,33027951,8
372,496,512,Move,33027959,8
372,497,512,Move,33027991,8
372,497,513,Pressed,33028135,8
372,497,514,Released,33028199,8
372,497,512,Move,33028209,8
372,497,512,Move,33028210,8
372,497,512,Move,33028211,8
372,497,512,Move,33028212,8
372,497,512,Move,33028212,8
372,497,512,Move,33028213,8
372,497,512,Move,33028213,8
372,497,512,Move,33028214,8
372,497,512,Move,33028214,8
372,497,512,Move,33028215,8
372,498,512,Move,33028215,8
372,498,512,Move,33028218,8
372,498,512,Move,33028219,8
372,498,512,Move,33028220,8
372,498,512,Move,33028220,8
372,498,512,Move,33028222,8
372,498,512,Move,33028222,8
372,498,512,Move,33028223,8
372,498,512,Move,33028223,8
372,498,512,Move,33028224,8
372,498,512,Move,33028224,8
372,498,512,Move,33028225,8
372,498,512,Move,33028226,8
372,498,512,Move,33028226,8
372,498,512,Move,33028227,8
372,498,512,Move,33028227,8
372,498,512,Move,33028228,8
372,498,512,Move,33028228,8
372,498,512,Move,33028229,8
372,498,512,Move,33028229,8
372,498,512,Move,33028230,8
372,498,512,Move,33028230,8
372,498,512,Move,33028231,8
372,498,512,Move,33028231,8
372,498,512,Move,33028232,8
372,498,512,Move,33028233,8
372,498,512,Move,33028234,8
372,498,512,Move,33028264,8
372,498,512,Move,33028266,8
372,498,512,Move,33028268,8
372,498,512,Move,33028269,8
372,497,512,Move,33028295,8
372,496,512,Move,33028311,8
431,473,512,Move,33028474,25
431,473,512,Move,33028475,25
432,473,512,Move,33028748,25
432,473,512,Move,33028749,25
433,473,512,Move,33028751,25
436,473,512,Move,33028759,25
439,473,512,Move,33028767,25
441,473,512,Move,33028775,25
442,473,512,Move,33028783,25
443,473,512,Move,33028791,25
444,473,512,Move,33028799,25
446,473,512,Move,33028807,25
449,473,512,Move,33028815,25
451,473,512,Move,33028823,25
454,473,512,Move,33028831,25
457,473,512,Move,33028839,25
460,473,512,Move,33028847,25
463,474,512,Move,33028855,25
467,475,512,Move,33028863,25
471,476,512,Move,33028871,25
476,476,512,Move,33028880,25
476,476,512,Move,33028880,25
480,476,512,Move,33028887,25
485,478,512,Move,33028895,25
489,479,512,Move,33028903,25
493,479,512,Move,33028911,25
497,480,512,Move,33028919,25
500,482,512,Move,33028927,25
504,483,512,Move,33028935,25
506,485,512,Move,33028943,25
510,486,512,Move,33028951,25
513,488,512,Move,33028959,25
517,490,512,Move,33028970,25
517,490,512,Move,33028970,25
521,491,512,Move,33028975,25
524,493,512,Move,33028983,25
526,495,512,Move,33028991,25
530,496,512,Move,33028999,25
533,497,512,Move,33029007,25
535,497,512,Move,33029021,25
535,497,512,Move,33029022,25
538,498,512,Move,33029023,25
538,499,512,Move,33029031,25
540,500,512,Move,33029042,25
540,500,512,Move,33029043,25
542,500,512,Move,33029047,25
543,500,512,Move,33029055,25
544,500,512,Move,33029063,25
545,500,512,Move,33029071,25
546,500,512,Move,33029087,25
547,500,512,Move,33029095,25
548,500,512,Move,33029119,25
549,500,512,Move,33029127,25
550,500,512,Move,33029143,25
551,500,512,Move,33029151,25
552,500,512,Move,33029159,25
552,500,512,Move,33029160,25
554,500,512,Move,33029167,25
555,500,512,Move,33029175,25
558,500,512,Move,33029183,25
561,500,512,Move,33029191,25
563,500,512,Move,33029199,25
565,500,512,Move,33029207,25
567,500,512,Move,33029215,25
569,500,512,Move,33029223,25
571,500,512,Move,33029231,25
574,500,512,Move,33029239,25
576,500,512,Move,33029247,25
577,500,512,Move,33029255,25
578,500,512,Move,33029263,25
579,500,512,Move,33029271,25
580,500,512,Move,33029287,25
581,500,512,Move,33029303,25
581,500,513,Pressed,33029620,25
581,500,513,Pressed,33029621,25
581,500,514,Released,33029687,25
581,500,514,Released,33029688,25
581,500,512,Move,33029716,8
581,500,512,Move,33029824,25
581,500,512,Move,33029825,25
581,499,512,Move,33029869,25
581,499,512,Move,33029869,25
581,498,512,Move,33029871,25
581,498,512,Move,33029872,25
584,492,512,Move,33029892,25
584,492,512,Move,33029892,25
587,487,512,Move,33029895,25
591,483,512,Move,33029903,25
594,476,512,Move,33029911,25
599,468,512,Move,33029919,25
684,354,512,Move,33029983,25
700,333,512,Move,33029991,25
716,311,512,Move,33029999,25
727,299,512,Move,33030007,25
740,284,512,Move,33030015,25
753,273,512,Move,33030023,25
844,208,512,Move,33030109,25
844,208,512,Move,33030110,25
846,206,512,Move,33030111,25
847,206,512,Move,33030335,25
850,205,512,Move,33030343,25
846,205,512,Move,33030351,25
845,199,160,Move,33030359,25
847,196,160,Move,33030367,25
855,191,160,Move,33030375,25
864,185,160,Move,33030391,25
875,178,512,Move,33030392,25
886,170,512,Move,33030399,25
897,160,512,Move,33030407,25
906,151,512,Move,33030416,25
915,142,512,Move,33030423,25
925,134,512,Move,33030431,25
932,126,512,Move,33030439,25
940,118,512,Move,33030447,25
948,110,512,Move,33030455,25
953,104,512,Move,33030463,25
958,98,512,Move,33030472,25
962,92,512,Move,33030486,25
962,92,512,Move,33030486,25
966,87,512,Move,33030487,25
966,87,512,Move,33030488,25
969,82,512,Move,33030495,25
972,78,512,Move,33030503,25
976,74,512,Move,33030511,25
979,71,512,Move,33030519,25
981,67,512,Move,33030527,25
983,64,160,Move,33030535,25
984,62,160,Move,33030546,25
986,59,160,Move,33030551,25
988,56,512,Move,33030565,8
993,53,512,Move,33030581,8
995,50,512,Move,33030583,8
996,48,512,Move,33030593,8
997,45,512,Move,33030599,8
998,44,512,Move,33030607,8
999,41,512,Move,33030615,8
1000,39,512,Move,33030623,8
1000,38,512,Move,33030632,8
1000,36,512,Move,33030639,8
1000,34,512,Move,33030647,8
1000,32,512,Move,33030667,8
999,31,512,Move,33030671,8
998,30,512,Move,33030687,8
997,30,512,Move,33030695,8
996,29,512,Move,33030703,8
995,29,512,Move,33030727,8
994,28,512,Move,33030760,8
993,28,512,Move,33030783,8
992,28,512,Move,33030791,8
991,28,512,Move,33030799,8
989,28,512,Move,33030816,8
987,28,512,Move,33030823,8
986,29,160,Move,33030831,25
984,30,160,Move,33030839,25
982,32,160,Move,33030856,25
982,32,160,Move,33030856,25
981,32,160,Move,33030863,25
980,32,160,Move,33030871,25
979,32,160,Move,33030879,25
978,32,160,Move,33030903,25
977,32,160,Move,33030911,25
977,33,160,Move,33030935,25
976,33,160,Move,33030945,25
976,33,160,Move,33030945,25
975,33,160,Move,33030959,25
975,34,160,Move,33030975,25
974,34,160,Move,33030983,25
974,34,160,Move,33030984,25
974,34,161,Pressed,33031031,25
974,35,512,Move,33031135,25
974,35,514,Released,33031136,25
973,37,512,Move,33031158,8
960,49,512,Move,33031201,8
957,52,512,Move,33031207,8
946,60,512,Move,33031224,8
940,64,512,Move,33031231,8
931,70,512,Move,33031239,8
921,75,512,Move,33031247,8
912,82,512,Move,33031255,8
902,87,512,Move,33031263,8
888,94,512,Move,33031271,8
867,104,512,Move,33031279,8
844,116,512,Move,33031287,8
813,128,512,Move,33031295,8
775,140,512,Move,33031303,8
737,153,512,Move,33031311,8
696,168,512,Move,33031319,8
647,187,512,Move,33031327,8
606,200,512,Move,33031335,8
558,221,512,Move,33031343,8
512,239,512,Move,33031351,8
491,247,512,Move,33031359,8
446,263,512,Move,33031367,8
402,274,512,Move,33031375,8
358,287,512,Move,33031383,8
324,299,512,Move,33031391,8
296,308,512,Move,33031399,8
274,317,512,Move,33031407,8
259,322,512,Move,33031415,8
247,328,512,Move,33031423,8
239,333,512,Move,33031431,8
235,336,512,Move,33031439,8
232,338,512,Move,33031447,8
231,339,512,Move,33031455,8
231,340,512,Move,33031463,8
230,340,512,Move,33031471,8
230,339,512,Move,33031727,8
229,339,512,Move,33031735,8
228,339,512,Move,33031743,8
226,339,512,Move,33031751,8
224,338,512,Move,33031759,8
222,337,512,Move,33031767,8
221,337,512,Move,33031775,8
219,337,512,Move,33031783,8
218,337,512,Move,33031791,8
218,336,512,Move,33031799,8
217,336,512,Move,33031807,8
216,336,512,Move,33031823,8
215,336,512,Move,33031863,8
214,336,512,Move,33031871,8
213,336,512,Move,33031879,8
211,336,512,Move,33031903,8
210,336,512,Move,33031911,8
210,336,522,Unknown(522),33032887,8
210,336,512,Move,33032899,8
210,336,512,Move,33032907,8
210,336,512,Move,33032930,8
210,336,512,Move,33032931,8
210,336,512,Move,33032933,8
210,336,512,Move,33032943,8
210,336,512,Move,33032955,8
210,336,512,Move,33032955,8
210,336,512,Move,33032958,8
210,336,512,Move,33032967,8
210,336,512,Move,33032990,8
210,336,512,Move,33032991,8
210,336,512,Move,33032993,8
210,336,522,Unknown(522),33033007,8
210,336,512,Move,33033035,8
210,336,512,Move,33033036,8
210,336,512,Move,33033038,8
210,336,512,Move,33033039,8
210,336,512,Move,33033041,8
210,336,512,Move,33033048,8
210,336,512,Move,33033070,8
210,336,512,Move,33033071,8
210,336,512,Move,33033073,8
210,336,512,Move,33033082,8
210,336,512,Move,33033095,8
210,331,512,Move,33033103,8
210,331,512,Move,33033106,8
210,331,512,Move,33033107,8
209,329,512,Move,33033111,8
209,329,512,Move,33033114,8
209,322,512,Move,33033119,8
211,313,512,Move,33033127,8
212,301,512,Move,33033135,8
214,291,512,Move,33033143,8
216,281,512,Move,33033151,8
217,269,512,Move,33033159,8
220,257,512,Move,33033167,8
221,245,512,Move,33033175,8
224,236,512,Move,33033183,8
225,229,512,Move,33033191,8
225,222,512,Move,33033199,8
225,219,512,Move,33033207,8
225,216,512,Move,33033215,8
225,213,512,Move,33033223,8
224,212,512,Move,33033231,8
222,210,512,Move,33033239,8
219,209,512,Move,33033247,8
216,209,512,Move,33033255,8
216,208,512,Move,33033503,8
216,207,512,Move,33033511,8
216,206,512,Move,33033519,8
216,204,512,Move,33033535,8
216,203,512,Move,33033551,8
216,202,512,Move,33033559,8
216,201,512,Move,33033567,8
216,200,512,Move,33033575,8
216,199,512,Move,33033583,8
216,198,512,Move,33033591,8
216,197,512,Move,33033607,8
216,196,512,Move,33033615,8
216,195,512,Move,33033631,8
216,194,512,Move,33033639,8
216,193,512,Move,33033655,8
216,192,512,Move,33033671,8
216,191,512,Move,33033687,8
216,190,512,Move,33033703,8
216,189,512,Move,33033711,8
216,188,512,Move,33033719,8
216,187,512,Move,33033743,8
216,186,512,Move,33033751,8
216,185,512,Move,33033783,8
216,184,512,Move,33034319,8
216,183,512,Move,33034327,8
216,182,512,Move,33034335,8
216,180,512,Move,33034343,8
216,179,512,Move,33034351,8
216,178,512,Move,33034359,8
216,177,512,Move,33034367,8
216,176,512,Move,33034375,8
216,173,512,Move,33034383,8
216,171,512,Move,33034399,8
216,169,512,Move,33034407,8
216,166,512,Move,33034415,8
216,164,512,Move,33034423,8
216,161,512,Move,33034431,8
216,159,512,Move,33034439,8
216,157,512,Move,33034447,8
216,156,512,Move,33034455,8
216,154,512,Move,33034463,8
216,152,512,Move,33034471,8
216,151,512,Move,33034479,8
216,149,512,Move,33034487,8
216,148,512,Move,33034495,8
216,146,512,Move,33034503,8
216,145,512,Move,33034511,8
216,144,512,Move,33034519,8
216,142,512,Move,33034527,8
216,141,512,Move,33034535,8
216,140,512,Move,33034543,8
216,138,512,Move,33034551,8
216,137,512,Move,33034559,8
216,136,512,Move,33034567,8
216,134,512,Move,33034575,8
216,133,512,Move,33034591,8
216,132,512,Move,33034599,8
216,131,512,Move,33034615,8
216,130,512,Move,33034623,8
216,129,512,Move,33034639,8
216,128,512,Move,33034655,8
216,127,512,Move,33034663,8
216,126,512,Move,33034687,8
216,125,512,Move,33034695,8
216,124,512,Move,33034711,8
216,123,512,Move,33034727,8
216,122,512,Move,33034735,8
216,121,512,Move,33034751,8
216,120,512,Move,33034759,8
216,119,512,Move,33034767,8
216,118,512,Move,33034783,8
216,117,512,Move,33034791,8
216,116,512,Move,33034807,8
216,115,512,Move,33034815,8
216,114,512,Move,33034823,8
216,113,512,Move,33034839,8
215,112,512,Move,33034847,8
215,111,512,Move,33034863,8
214,110,512,Move,33034871,8
213,110,512,Move,33034879,8
212,109,512,Move,33034887,8
212,108,512,Move,33034895,8
211,108,512,Move,33034903,8
211,107,512,Move,33034911,8
210,106,512,Move,33034919,8
211,107,512,Move,33034991,8
213,109,512,Move,33034999,8
215,110,512,Move,33035007,8
217,111,512,Move,33035015,8
220,113,512,Move,33035023,8
223,115,512,Move,33035031,8
226,118,512,Move,33035039,8
230,119,512,Move,33035047,8
234,122,512,Move,33035055,8
238,124,512,Move,33035063,8
242,125,512,Move,33035071,8
248,129,512,Move,33035079,8
251,130,512,Move,33035087,8
254,131,512,Move,33035095,8
257,132,512,Move,33035103,8
259,133,512,Move,33035111,8
260,133,512,Move,33035119,8
261,133,512,Move,33035127,8
260,132,512,Move,33035199,8
260,131,512,Move,33035207,8
259,130,512,Move,33035223,8
259,129,512,Move,33035239,8
259,128,512,Move,33035247,8
259,127,512,Move,33035271,8
259,126,512,Move,33035303,8
260,126,512,Move,33035367,8
261,126,512,Move,33035375,8
262,126,512,Move,33035391,8
263,126,512,Move,33035399,8
264,126,512,Move,33035415,8
265,126,512,Move,33035423,8
266,126,512,Move,33035431,8
267,126,512,Move,33035439,8
269,127,512,Move,33035447,8
270,127,512,Move,33035463,8
271,128,512,Move,33035471,8
272,128,512,Move,33035479,8
272,128,513,Pressed,33035567,8
272,128,514,Released,33035671,8
282,135,512,Move,33035832,8
284,135,512,Move,33035844,8
286,135,512,Move,33035852,8
288,135,512,Move,33035863,8
289,135,512,Move,33035871,8
290,135,512,Move,33035879,8
291,134,512,Move,33035887,8
292,134,512,Move,33035895,8
293,133,512,Move,33035903,8
294,132,512,Move,33035912,8
295,132,512,Move,33035919,8
296,131,512,Move,33035935,8
297,131,512,Move,33035943,8
297,130,512,Move,33035962,8
297,131,512,Move,33036103,8
297,132,512,Move,33036111,8
297,135,512,Move,33036127,8
297,137,512,Move,33036135,8
297,141,512,Move,33036143,8
297,146,512,Move,33036151,8
297,151,512,Move,33036159,8
297,158,512,Move,33036167,8
298,167,512,Move,33036175,8
300,175,512,Move,33036183,8
303,189,512,Move,33036191,8
304,202,512,Move,33036199,8
307,218,512,Move,33036207,8
310,231,512,Move,33036215,8
312,245,512,Move,33036223,8
316,255,512,Move,33036231,8
328,285,512,Move,33036258,8
338,310,512,Move,33036286,8
344,325,512,Move,33036314,8
344,326,512,Move,33036339,8
344,326,522,Unknown(522),33036807,8
344,326,512,Move,33036819,8
344,326,512,Move,33036819,8
344,326,512,Move,33036822,8
344,326,512,Move,33036831,8
344,326,512,Move,33036832,8
344,326,522,Unknown(522),33036847,8
344,326,512,Move,33036850,8
344,326,512,Move,33036850,8
344,326,512,Move,33036853,8
344,326,512,Move,33036865,8
344,326,512,Move,33036875,8
344,326,522,Unknown(522),33036887,8
344,326,512,Move,33036899,8
344,326,512,Move,33036900,8
344,326,512,Move,33036902,8
344,326,512,Move,33036903,8
344,326,512,Move,33036905,8
344,326,512,Move,33036912,8
344,326,512,Move,33036922,8
344,326,512,Move,33036942,8
344,326,522,Unknown(522),33036943,8
344,326,512,Move,33036958,8
344,326,512,Move,33036970,8
344,326,512,Move,33036970,8
344,326,512,Move,33036993,8
344,326,512,Move,33036993,8
344,326,512,Move,33036995,8
344,326,512,Move,33036996,8
344,326,512,Move,33036998,8
344,326,522,Unknown(522),33036999,8
344,326,512,Move,33037006,8
344,326,512,Move,33037018,8
344,326,512,Move,33037019,8
344,326,512,Move,33037040,8
344,326,512,Move,33037040,8
344,326,512,Move,33037043,8
344,326,512,Move,33037053,8
344,326,512,Move,33037067,8
344,326,512,Move,33037068,8
344,326,512,Move,33037071,8
344,326,512,Move,33037079,8
344,326,512,Move,33037101,8
344,326,512,Move,33037101,8
344,326,512,Move,33037104,8
344,326,512,Move,33037104,8
344,328,512,Move,33037263,8
344,332,512,Move,33037271,8
344,335,512,Move,33037279,8
344,338,512,Move,33037287,8
344,341,512,Move,33037295,8
344,343,512,Move,33037303,8
344,345,512,Move,33037311,8
344,348,512,Move,33037319,8
344,350,512,Move,33037327,8
344,354,512,Move,33037335,8
345,358,512,Move,33037360,8
345,359,512,Move,33037367,8
345,361,512,Move,33037383,8
345,363,512,Move,33037391,8
345,364,512,Move,33037399,8
345,366,512,Move,33037407,8
345,370,512,Move,33037415,8
344,373,512,Move,33037440,8
344,372,512,Move,33037711,8
344,371,512,Move,33037727,8
345,371,512,Move,33037735,8
345,370,512,Move,33037743,8
345,361,512,Move,33037794,8
345,360,512,Move,33037819,8
345,359,512,Move,33037887,8
345,358,512,Move,33037919,8
345,358,516,Pressed,33037991,8
345,358,517,Released,33038087,8
345,358,512,Move,33038109,8
345,358,512,Move,33038112,8
346,363,512,Move,33038351,8
349,368,512,Move,33038359,8
360,394,512,Move,33038386,8
364,401,512,Move,33038391,8
367,410,512,Move,33038399,8
370,419,512,Move,33038407,8
375,428,512,Move,33038415,8
379,438,512,Move,33038423,8
384,447,512,Move,33038431,8
389,455,512,Move,33038439,8
394,459,512,Move,33038447,8
396,464,512,Move,33038455,8
398,466,512,Move,33038463,8
399,468,512,Move,33038471,8
400,470,512,Move,33038479,8
402,473,512,Move,33038487,8
402,475,512,Move,33038503,8
403,477,512,Move,33038511,8
404,478,512,Move,33038519,8
405,480,512,Move,33038527,8
406,482,512,Move,33038535,8
407,484,512,Move,33038543,8
407,485,512,Move,33038551,8
408,487,512,Move,33038559,8
409,488,512,Move,33038567,8
410,489,512,Move,33038575,8
412,492,512,Move,33038583,8
412,494,512,Move,33038591,8
413,495,512,Move,33038599,8
414,497,512,Move,33038607,8
415,499,512,Move,33038615,8
416,501,512,Move,33038623,8
417,502,512,Move,33038631,8
417,503,512,Move,33038639,8
417,504,512,Move,33038647,8
417,505,512,Move,33038655,8
417,506,512,Move,33038663,8
417,507,512,Move,33038671,8
417,508,512,Move,33038695,8
417,509,512,Move,33038711,8
417,509,513,Pressed,33038863,8
417,509,514,Released,33038919,8
417,509,512,Move,33038929,8
417,509,512,Move,33038930,8
417,509,512,Move,33038931,8
417,509,512,Move,33038931,8
417,509,512,Move,33038932,8
417,509,512,Move,33038932,8
417,509,512,Move,33038933,8
417,509,512,Move,33038933,8
417,509,512,Move,33038934,8
417,509,512,Move,33038934,8
417,509,512,Move,33038935,8
417,509,512,Move,33038935,8
417,509,512,Move,33038936,8
417,509,512,Move,33038938,8
417,509,512,Move,33038939,8
417,509,512,Move,33038940,8
417,509,512,Move,33038940,8
417,509,512,Move,33038941,8
417,509,512,Move,33038941,8
417,509,512,Move,33038941,8
417,509,512,Move,33038942,8
417,509,512,Move,33038942,8
417,509,512,Move,33038943,8
417,509,512,Move,33038943,8
417,509,512,Move,33038944,8
417,509,512,Move,33038945,8
417,509,512,Move,33038945,8
417,509,512,Move,33038946,8
417,509,512,Move,33038946,8
417,509,512,Move,33038947,8
417,509,512,Move,33038947,8
417,509,512,Move,33038948,8
417,509,512,Move,33038948,8
417,509,512,Move,33038949,8
417,509,512,Move,33038950,8
417,509,512,Move,33038951,8
417,509,512,Move,33039030,8
417,508,512,Move,33039071,8
417,507,512,Move,33039087,8
417,506,512,Move,33039095,8
419,505,512,Move,33039103,8
419,505,512,Move,33039110,8
420,504,512,Move,33039111,8
422,504,512,Move,33039119,8
422,504,512,Move,33039122,8
422,504,512,Move,33039123,8
422,504,512,Move,33039124,8
422,504,512,Move,33039125,8
422,504,512,Move,33039125,8
422,504,512,Move,33039126,8
422,504,512,Move,33039127,8
424,502,512,Move,33039127,8
424,502,512,Move,33039129,8
424,502,512,Move,33039129,8
424,502,512,Move,33039130,8
424,502,512,Move,33039130,8
424,502,512,Move,33039131,8
424,502,512,Move,33039131,8
424,502,512,Move,33039132,8
424,502,512,Move,33039133,8
424,502,512,Move,33039133,8
424,502,512,Move,33039133,8
424,502,512,Move,33039134,8
424,502,512,Move,33039135,8
427,501,512,Move,33039135,8
427,501,512,Move,33039137,8
427,501,512,Move,33039137,8
427,501,512,Move,33039138,8
427,501,512,Move,33039138,8
427,501,512,Move,33039139,8
427,501,512,Move,33039139,8
427,501,512,Move,33039140,8
427,501,512,Move,33039140,8
427,501,512,Move,33039141,8
427,501,512,Move,33039141,8
427,501,512,Move,33039142,8
427,501,512,Move,33039142,8
431,500,512,Move,33039143,8
431,500,512,Move,33039145,8
431,500,512,Move,33039145,8
435,498,512,Move,33039151,8
439,497,512,Move,33039159,8
441,495,512,Move,33039167,8
444,493,512,Move,33039175,8
446,491,512,Move,33039183,8
449,490,512,Move,33039191,8
450,489,512,Move,33039199,8
452,487,512,Move,33039207,8
454,486,512,Move,33039215,8
457,485,512,Move,33039223,8
459,484,512,Move,33039231,8
462,483,512,Move,33039239,8
462,483,512,Move,33039241,8
462,483,512,Move,33039241,8
462,483,512,Move,33039242,8
462,483,512,Move,33039242,8
462,483,512,Move,33039243,8
462,483,512,Move,33039244,8
462,483,512,Move,33039245,8
462,483,512,Move,33039246,8
462,483,512,Move,33039247,8
465,482,512,Move,33039247,8
465,482,512,Move,33039249,8
465,482,512,Move,33039250,8
465,482,512,Move,33039251,8
530,483,512,Move,33039379,25
530,483,512,Move,33039380,25
534,485,512,Move,33039383,25
534,485,512,Move,33039384,25
537,487,512,Move,33039392,25
537,487,512,Move,33039393,25
539,489,512,Move,33039401,25
539,489,512,Move,33039401,25
540,490,512,Move,33039407,25
541,492,512,Move,33039423,25
542,494,512,Move,33039423,25
542,496,512,Move,33039431,25
542,498,512,Move,33039439,25
542,500,512,Move,33039447,25
542,501,512,Move,33039455,25
540,502,512,Move,33039463,25
536,503,512,Move,33039472,25
537,503,512,Move,33039703,25
538,503,512,Move,33039711,25
540,502,512,Move,33039727,25
542,501,512,Move,33039735,25
542,500,512,Move,33039743,25
543,500,512,Move,33039751,25
543,499,512,Move,33039759,25
543,498,512,Move,33039767,25
544,498,512,Move,33039775,25
545,497,512,Move,33039799,25
546,497,512,Move,33039815,25
546,497,512,Move,33039816,25
547,497,512,Move,33039823,25
549,497,512,Move,33039839,25
551,496,512,Move,33039847,25
553,496,512,Move,33039855,25
554,496,512,Move,33039863,25
556,496,512,Move,33039871,25
557,496,512,Move,33039887,25
558,496,512,Move,33039895,25
559,496,512,Move,33039919,25
560,496,512,Move,33039943,25
561,497,512,Move,33039951,25
563,498,512,Move,33039959,25
565,498,512,Move,33039967,25
568,499,512,Move,33039975,25
570,499,512,Move,33039983,25
572,499,512,Move,33039991,25
574,500,512,Move,33039999,25
575,501,512,Move,33040007,25
577,502,512,Move,33040015,25
579,502,512,Move,33040023,25
580,502,512,Move,33040039,25
581,502,512,Move,33040047,25
582,502,512,Move,33040063,25
582,502,513,Pressed,33040175,25
582,502,514,Released,33040288,25
582,502,512,Move,33040314,8
582,502,512,Move,33040427,25
582,502,512,Move,33040427,25
583,502,512,Move,33040481,25
583,502,512,Move,33040481,25
584,501,512,Move,33040503,25
588,499,512,Move,33040503,25
591,496,512,Move,33040513,25
591,496,512,Move,33040515,25
597,491,512,Move,33040519,25
603,485,512,Move,33040527,25
679,397,512,Move,33040575,25
695,376,512,Move,33040583,25
712,352,512,Move,33040591,25
728,331,512,Move,33040599,25
743,310,512,Move,33040607,25
759,296,512,Move,33040615,25
770,284,512,Move,33040623,25
783,271,512,Move,33040631,25
793,263,512,Move,33040639,25
812,244,512,Move,33040705,25
812,244,512,Move,33040706,25
814,244,512,Move,33040911,25
819,242,512,Move,33040919,25
823,242,512,Move,33040927,25
829,238,512,Move,33040935,25
835,233,512,Move,33040943,25
841,228,512,Move,33040951,25
848,223,512,Move,33040964,25
856,217,512,Move,33040967,25
862,212,512,Move,33040975,25
868,205,512,Move,33040983,25
875,197,160,Move,33040992,25
880,189,160,Move,33040999,25
886,182,160,Move,33041007,25
891,174,512,Move,33041016,25
896,167,512,Move,33041028,25
896,167,512,Move,33041029,25
901,159,512,Move,33041031,25
903,153,512,Move,33041039,25
908,146,512,Move,33041047,25
912,140,512,Move,33041055,25
917,134,512,Move,33041063,25
920,128,512,Move,33041071,25
923,124,512,Move,33041079,25
926,121,512,Move,33041092,25
926,121,512,Move,33041093,25
929,117,512,Move,33041096,25
929,117,512,Move,33041096,25
932,114,512,Move,33041103,25
934,111,512,Move,33041111,25
937,108,512,Move,33041119,25
940,106,512,Move,33041127,25
943,103,512,Move,33041135,25
945,101,512,Move,33041148,25
945,101,512,Move,33041149,25
947,98,512,Move,33041151,25
948,95,512,Move,33041159,25
951,92,512,Move,33041167,25
952,89,512,Move,33041175,25
954,88,512,Move,33041183,25
955,86,512,Move,33041191,25
956,84,512,Move,33041205,25
956,84,512,Move,33041205,25
957,82,512,Move,33041207,25
957,80,512,Move,33041215,25
958,77,512,Move,33041224,25
959,75,512,Move,33041231,25
960,73,512,Move,33041239,25
962,70,512,Move,33041247,25
965,65,512,Move,33041266,25
965,65,512,Move,33041267,25
967,62,512,Move,33041271,25
967,60,512,Move,33041279,25
968,58,512,Move,33041287,25
970,55,512,Move,33041295,25
970,55,512,Move,33041296,25
970,52,512,Move,33041303,25
970,51,512,Move,33041311,25
971,49,512,Move,33041325,25
971,49,512,Move,33041326,25
971,48,512,Move,33041327,25
971,47,512,Move,33041335,25
971,46,512,Move,33041343,25
971,45,160,Move,33041351,25
971,44,160,Move,33041367,25
971,43,160,Move,33041383,25
971,42,160,Move,33041407,25
971,41,160,Move,33041431,25
971,40,160,Move,33041447,25
971,39,160,Move,33041463,25
971,38,160,Move,33041503,25
971,38,161,Pressed,33041607,25
971,37,512,Move,33041615,25
971,37,514,Released,33041711,25
971,37,512,Move,33041728,8
971,39,512,Move,33041770,8
970,39,512,Move,33041879,8
969,39,512,Move,33041887,8
965,42,512,Move,33041895,8
957,46,512,Move,33041903,8
944,51,160,Move,33041911,25
929,58,512,Move,33041919,8
911,67,512,Move,33041927,8
885,80,512,Move,33041935,8
853,94,512,Move,33041943,8
824,108,512,Move,33041951,8
789,120,512,Move,33041959,8
752,128,512,Move,33041967,8
720,134,512,Move,33041975,8
687,138,512,Move,33041983,8
655,144,512,Move,33041991,8
625,149,512,Move,33041999,8
593,153,512,Move,33042007,8
572,153,512,Move,33042015,8
554,153,512,Move,33042023,8
536,153,512,Move,33042031,8
519,153,512,Move,33042039,8
504,153,512,Move,33042047,8
493,153,512,Move,33042055,8
479,153,512,Move,33042063,8
471,153,512,Move,33042071,8
461,153,512,Move,33042079,8
453,153,512,Move,33042087,8
446,151,512,Move,33042095,8
439,151,512,Move,33042103,8
432,151,512,Move,33042111,8
427,149,512,Move,33042119,8
421,149,512,Move,33042127,8
416,149,512,Move,33042135,8
411,149,512,Move,33042143,8
406,149,512,Move,33042151,8
401,149,512,Move,33042159,8
394,149,512,Move,33042167,8
390,149,512,Move,33042175,8
386,148,512,Move,33042183,8
384,147,512,Move,33042191,8
381,147,512,Move,33042199,8
378,146,512,Move,33042207,8
376,145,512,Move,33042215,8
373,144,512,Move,33042223,8
369,144,512,Move,33042231,8
366,143,512,Move,33042239,8
363,143,512,Move,33042247,8
360,142,512,Move,33042255,8
357,142,512,Move,33042263,8
355,141,512,Move,33042271,8
353,141,512,Move,33042279,8
352,140,512,Move,33042287,8
351,140,512,Move,33042295,8
350,139,512,Move,33042303,8
348,138,512,Move,33042311,8
347,138,512,Move,33042319,8
346,137,512,Move,33042327,8
344,136,512,Move,33042335,8
341,136,512,Move,33042343,8
339,136,512,Move,33042351,8
336,135,512,Move,33042359,8
333,135,512,Move,33042367,8
331,135,512,Move,33042375,8
328,134,512,Move,33042383,8
327,134,512,Move,33042391,8
327,133,512,Move,33042399,8
326,133,512,Move,33042407,8
326,132,512,Move,33042415,8
325,131,512,Move,33042431,8
325,130,512,Move,33042471,8
324,130,512,Move,33042479,8
324,129,512,Move,33042495,8
324,128,512,Move,33042519,8
323,127,512,Move,33042535,8
322,127,512,Move,33042543,8
322,126,512,Move,33042567,8
322,126,513,Pressed,33042671,8
322,126,514,Released,33042767,8
324,130,512,Move,33042943,8
325,130,512,Move,33042975,8
326,131,512,Move,33042983,8
327,131,512,Move,33042999,8
328,131,512,Move,33043015,8
329,131,512,Move,33043095,8
330,130,512,Move,33043231,8
330,129,512,Move,33043247,8
330,128,512,Move,33043271,8
330,129,512,Move,33043447,8
331,131,512,Move,33043455,8
333,135,512,Move,33043463,8
337,141,512,Move,33043471,8
343,148,512,Move,33043479,8
345,154,512,Move,33043487,8
352,165,512,Move,33043495,8
359,179,512,Move,33043503,8
369,195,512,Move,33043511,8
380,212,512,Move,33043519,8
392,232,512,Move,33043527,8
408,253,512,Move,33043535,8
444,305,512,Move,33043561,8
468,336,512,Move,33043588,8
473,342,512,Move,33043591,8
476,346,512,Move,33043599,8
478,349,512,Move,33043607,8
479,351,512,Move,33043615,8
481,352,512,Move,33043623,8
481,353,512,Move,33043631,8
482,353,512,Move,33044447,8
483,353,512,Move,33044455,8
484,353,512,Move,33044463,8
486,353,512,Move,33044471,8
490,352,512,Move,33044479,8
494,352,512,Move,33044487,8
499,352,512,Move,33044495,8
505,352,512,Move,33044503,8
512,352,512,Move,33044511,8
519,352,512,Move,33044519,8
526,352,512,Move,33044527,8
532,352,512,Move,33044535,8
539,352,512,Move,33044543,8
544,352,512,Move,33044551,8
550,352,522,Unknown(522),33044559,8
550,352,512,Move,33044560,8
555,353,512,Move,33044567,8
555,353,512,Move,33044571,8
555,353,512,Move,33044571,8
558,354,512,Move,33044575,8
558,354,512,Move,33044579,8
558,354,512,Move,33044579,8
560,354,512,Move,33044583,8
563,354,512,Move,33044591,8
563,354,512,Move,33044594,8
565,354,512,Move,33044599,8
565,354,512,Move,33044602,8
566,354,512,Move,33044615,8
566,354,512,Move,33044618,8
567,354,512,Move,33044623,8
567,354,512,Move,33044626,8
567,354,512,Move,33044649,8
567,354,512,Move,33044650,8
567,354,512,Move,33044653,8
567,354,512,Move,33044662,8
567,354,512,Move,33044662,8
567,354,512,Move,33044665,8
567,354,522,Unknown(522),33044695,8
567,354,512,Move,33044721,8
567,354,512,Move,33044722,8
567,354,512,Move,33044724,8
567,354,512,Move,33044734,8
567,354,512,Move,33044757,8
567,354,512,Move,33044758,8
567,354,512,Move,33044760,8
567,354,512,Move,33044769,8
567,354,512,Move,33044770,8
567,354,512,Move,33044772,8
567,354,512,Move,33044781,8
567,354,512,Move,33044781,8
567,354,512,Move,33044803,8
567,354,512,Move,33044804,8
567,354,512,Move,33044806,8
567,356,512,Move,33045167,8
567,358,512,Move,33045175,8
567,361,512,Move,33045183,8
568,364,512,Move,33045191,8
568,367,512,Move,33045199,8
568,369,512,Move,33045207,8
568,373,512,Move,33045215,8
568,376,512,Move,33045223,8
568,379,512,Move,33045231,8
568,383,512,Move,33045239,8
568,386,512,Move,33045247,8
568,390,522,Unknown(522),33045255,8
568,390,512,Move,33045256,8
568,392,512,Move,33045263,8
568,392,512,Move,33045266,8
568,395,512,Move,33045271,8
568,395,512,Move,33045274,8
567,399,512,Move,33045279,8
567,399,512,Move,33045282,8
565,404,512,Move,33045287,8
565,408,512,Move,33045295,8
565,408,512,Move,33045298,8
563,412,512,Move,33045303,8
563,412,512,Move,33045306,8
560,416,512,Move,33045311,8
560,416,512,Move,33045314,8
558,420,512,Move,33045319,8
558,420,512,Move,33045322,8
557,423,522,Unknown(522),33045327,8
557,423,512,Move,33045328,8
555,425,512,Move,33045335,8
555,425,512,Move,33045338,8
555,426,512,Move,33045343,8
555,426,512,Move,33045346,8
554,428,512,Move,33045351,8
553,428,512,Move,33045359,8
553,428,512,Move,33045362,8
552,428,512,Move,33045367,8
552,428,512,Move,33045370,8
552,428,512,Move,33045370,8
552,428,512,Move,33045378,8
552,428,512,Move,33045391,8
552,428,512,Move,33045415,8
552,428,512,Move,33045415,8
552,428,512,Move,33045418,8
552,428,512,Move,33045419,8
552,428,512,Move,33045421,8
552,428,512,Move,33045470,8
552,428,512,Move,33045470,8
551,428,512,Move,33045695,8
547,429,512,Move,33045703,8
541,434,512,Move,33045711,8
534,436,512,Move,33045719,8
527,438,512,Move,33045727,8
522,440,512,Move,33045735,8
517,442,512,Move,33045743,8
511,444,512,Move,33045751,8
504,447,512,Move,33045759,8
498,449,512,Move,33045767,8
492,452,512,Move,33045775,8
485,454,512,Move,33045783,8
480,456,512,Move,33045791,8
476,457,512,Move,33045799,8
471,457,512,Move,33045807,8
467,457,512,Move,33045815,8
463,458,512,Move,33045823,8
459,458,512,Move,33045831,8
457,458,512,Move,33045839,8
453,458,512,Move,33045847,8
448,459,512,Move,33045855,8
444,459,512,Move,33045863,8
440,459,512,Move,33045871,8
436,459,512,Move,33045879,8
433,458,512,Move,33045887,8
430,457,512,Move,33045895,8
426,456,512,Move,33045903,8
422,454,512,Move,33045911,8
419,453,512,Move,33045919,8
416,451,512,Move,33045927,8
415,449,512,Move,33045935,8
413,447,512,Move,33045943,8
412,447,512,Move,33045951,8
411,445,512,Move,33045959,8
410,443,512,Move,33045967,8
409,442,512,Move,33045975,8
407,441,512,Move,33045983,8
406,438,512,Move,33045991,8
406,437,512,Move,33045999,8
405,436,512,Move,33046007,8
403,435,512,Move,33046015,8
403,433,512,Move,33046023,8
402,431,512,Move,33046031,8
401,430,512,Move,33046039,8
401,429,512,Move,33046047,8
401,428,512,Move,33046055,8
400,427,512,Move,33046063,8
400,426,512,Move,33046071,8
399,425,512,Move,33046079,8
399,425,512,Move,33046085,8
398,424,512,Move,33046095,8
398,423,512,Move,33046103,8
397,423,512,Move,33046111,8
397,422,512,Move,33046119,8
397,421,512,Move,33046127,8
397,420,512,Move,33046135,8
396,420,512,Move,33046143,8
396,419,512,Move,33046151,8
396,418,512,Move,33046159,8
395,416,512,Move,33046183,8
395,415,512,Move,33046191,8
395,414,512,Move,33046207,8
395,413,512,Move,33046223,8
394,413,512,Move,33046247,8
394,412,512,Move,33046319,8
394,411,512,Move,33046327,8
394,410,512,Move,33046343,8
394,409,512,Move,33046367,8
394,408,512,Move,33046375,8
393,408,512,Move,33046399,8
393,407,512,Move,33046407,8
393,406,512,Move,33046424,8
393,406,516,Pressed,33046519,8
393,406,517,Released,33046551,8
393,406,512,Move,33046574,8
393,406,512,Move,33046577,8
393,408,512,Move,33046911,8
397,413,512,Move,33046919,8
408,431,512,Move,33046946,8
416,450,512,Move,33046970,8
420,457,512,Move,33046975,8
424,464,512,Move,33046983,8
429,472,512,Move,33046991,8
431,481,512,Move,33046999,8
434,488,512,Move,33047007,8
436,495,512,Move,33047015,8
437,502,512,Move,33047023,8
440,511,512,Move,33047031,8
442,516,512,Move,33047039,8
446,524,512,Move,33047047,8
447,529,512,Move,33047055,8
449,535,512,Move,33047063,8
451,541,512,Move,33047071,8
452,544,512,Move,33047079,8
453,547,512,Move,33047087,8
453,550,512,Move,33047095,8
453,553,512,Move,33047103,8
453,554,512,Move,33047111,8
453,556,512,Move,33047119,8
453,558,512,Move,33047127,8
453,559,512,Move,33047135,8
453,560,512,Move,33047143,8
453,561,512,Move,33047151,8
453,562,512,Move,33047167,8
453,563,512,Move,33047175,8
453,564,512,Move,33047191,8
453,565,512,Move,33047207,8
453,566,512,Move,33047223,8
453,565,512,Move,33047399,8
453,564,512,Move,33047407,8
452,563,512,Move,33047415,8
451,561,512,Move,33047431,8
451,560,512,Move,33047439,8
451,559,512,Move,33047455,8
451,558,512,Move,33047463,8
450,557,512,Move,33047479,8
450,556,512,Move,33047487,8
450,555,512,Move,33047495,8
450,555,513,Pressed,33047679,8
450,555,514,Released,33047791,8
450,555,512,Move,33047800,8
450,555,512,Move,33047802,8
450,555,512,Move,33047802,8
450,555,512,Move,33047803,8
450,555,512,Move,33047803,8
450,555,512,Move,33047804,8
450,555,512,Move,33047804,8
450,555,512,Move,33047805,8
450,555,512,Move,33047805,8
450,555,512,Move,33047806,8
450,555,512,Move,33047806,8
450,555,512,Move,33047807,8
450,555,512,Move,33047808,8
450,555,512,Move,33047808,8
450,555,512,Move,33047810,8
450,555,512,Move,33047810,8
450,555,512,Move,33047811,8
450,555,512,Move,33047811,8
450,555,512,Move,33047812,8
450,555,512,Move,33047812,8
450,555,512,Move,33047813,8
450,555,512,Move,33047813,8
450,555,512,Move,33047814,8
450,555,512,Move,33047814,8
450,555,512,Move,33047815,8
450,555,512,Move,33047815,8
450,555,512,Move,33047816,8
450,555,512,Move,33047816,8
450,555,512,Move,33047817,8
450,555,512,Move,33047817,8
450,555,512,Move,33047818,8
450,555,512,Move,33047818,8
450,555,512,Move,33047819,8
450,555,512,Move,33047820,8
450,555,512,Move,33047821,8
450,555,512,Move,33047822,8
450,555,512,Move,33047853,8
450,555,512,Move,33047855,8
450,555,512,Move,33047857,8
450,555,512,Move,33047858,8
451,554,512,Move,33048043,8
468,543,512,Move,33048074,8
477,540,512,Move,33048079,8
485,535,512,Move,33048088,8
494,529,512,Move,33048095,8
501,524,512,Move,33048103,8
509,519,512,Move,33048111,25
515,516,512,Move,33048119,25
519,513,512,Move,33048127,25
522,510,512,Move,33048135,25
525,508,512,Move,33048143,25
527,506,512,Move,33048151,25
530,504,512,Move,33048159,25
532,502,512,Move,33048167,25
535,500,512,Move,33048175,25
538,498,512,Move,33048184,25
538,498,512,Move,33048185,25
540,496,512,Move,33048191,25
542,494,512,Move,33048199,25
546,492,512,Move,33048207,25
549,490,512,Move,33048215,25
552,488,512,Move,33048223,25
555,486,512,Move,33048231,25
559,483,512,Move,33048239,25
562,481,512,Move,33048247,25
565,480,512,Move,33048255,25
568,479,512,Move,33048263,25
570,477,512,Move,33048275,25
570,477,512,Move,33048275,25
573,476,512,Move,33048279,25
575,475,512,Move,33048287,25
577,474,512,Move,33048295,25
580,473,512,Move,33048303,25
582,472,512,Move,33048311,25
583,472,512,Move,33048319,25
583,472,512,Move,33048320,25
585,471,512,Move,33048327,25
587,471,512,Move,33048335,25
588,471,512,Move,33048343,25
590,471,512,Move,33048351,25
591,471,512,Move,33048359,25
593,471,512,Move,33048368,25
593,471,512,Move,33048369,25
595,472,512,Move,33048375,25
595,472,512,Move,33048380,25
596,473,512,Move,33048383,25
597,475,512,Move,33048391,25
600,477,512,Move,33048399,25
602,478,512,Move,33048407,25
604,480,512,Move,33048415,25
605,482,512,Move,33048423,25
607,485,512,Move,33048431,25
609,488,512,Move,33048439,25
611,490,512,Move,33048447,25
613,492,512,Move,33048461,25
613,492,512,Move,33048462,25
615,494,512,Move,33048464,25
616,496,512,Move,33048472,25
616,497,512,Move,33048479,25
616,498,512,Move,33048487,25
616,499,512,Move,33048495,25
616,500,512,Move,33048511,25
616,501,512,Move,33048519,25
616,502,512,Move,33048527,25
615,502,512,Move,33048543,25
615,503,512,Move,33048553,25
615,503,512,Move,33048553,25
614,504,512,Move,33048559,25
614,504,513,Pressed,33048767,25
614,504,514,Released,33048863,25
614,504,512,Move,33048902,8
614,503,512,Move,33049047,8
614,502,512,Move,33049055,8
616,500,512,Move,33049063,8
619,498,512,Move,33049071,8
623,494,512,Move,33049079,8
628,490,512,Move,33049087,8
634,485,512,Move,33049095,8
804,273,512,Move,33049202,25
816,258,512,Move,33049207,25
824,247,512,Move,33049215,25
831,237,512,Move,33049223,25
837,231,512,Move,33049231,25
843,223,512,Move,33049239,25
846,219,512,Move,33049247,25
849,216,512,Move,33049255,25
850,214,512,Move,33049263,25
852,213,512,Move,33049271,25
852,213,512,Move,33049305,25
874,198,160,Move,33049591,25
875,197,160,Move,33049599,25
875,197,160,Move,33049600,25
877,194,160,Move,33049607,25
880,191,160,Move,33049615,25
882,187,160,Move,33049623,25
884,184,160,Move,33049635,25
884,184,160,Move,33049636,25
887,180,160,Move,33049639,25
890,176,512,Move,33049647,25
895,170,512,Move,33049655,25
898,165,512,Move,33049663,25
902,161,512,Move,33049671,25
902,161,512,Move,33049674,25
902,161,512,Move,33049675,25
907,153,512,Move,33049679,25
911,149,512,Move,33049687,25
915,143,512,Move,33049695,25
919,138,512,Move,33049703,25
923,133,512,Move,33049711,25
926,127,512,Move,33049719,25
931,121,512,Move,33049727,25
936,116,512,Move,33049735,25
939,110,512,Move,33049743,25
942,106,512,Move,33049751,25
946,102,512,Move,33049759,25
948,99,512,Move,33049767,25
949,96,512,Move,33049775,25
951,94,512,Move,33049783,25
952,93,512,Move,33049791,25
953,90,512,Move,33049799,25
953,89,512,Move,33049807,25
953,88,512,Move,33049815,25
954,86,512,Move,33049823,25
954,84,512,Move,33049831,25
954,83,512,Move,33049839,25
954,81,512,Move,33049847,25
954,79,512,Move,33049855,25
954,78,512,Move,33049864,25
954,78,512,Move,33049865,25
954,76,512,Move,33049871,25
954,74,512,Move,33049879,25
954,72,512,Move,33049887,25
954,71,512,Move,33049895,25
954,70,512,Move,33049903,25
954,68,512,Move,33049911,25
954,66,512,Move,33049919,25
954,65,512,Move,33049927,25
954,64,512,Move,33049935,25
955,62,512,Move,33049943,25
956,62,512,Move,33049951,25
956,61,512,Move,33049959,25
958,59,512,Move,33049967,25
960,58,512,Move,33049975,25
961,57,512,Move,33049983,25
962,55,512,Move,33049994,25
962,55,512,Move,33049995,25
962,53,512,Move,33050007,25
963,52,512,Move,33050015,25
964,51,512,Move,33050023,25
964,50,512,Move,33050031,25
964,49,512,Move,33050039,25
964,48,512,Move,33050047,25
965,47,512,Move,33050057,25
965,47,512,Move,33050057,25
965,47,512,Move,33050058,25
965,46,512,Move,33050063,25
965,45,160,Move,33050079,25
965,44,160,Move,33050087,25
965,43,160,Move,33050095,25
965,42,160,Move,33050115,25
965,42,160,Move,33050116,25
965,41,160,Move,33050119,25
965,40,160,Move,33050135,25
965,39,160,Move,33050143,25
966,38,160,Move,33050151,25
966,37,160,Move,33050167,25
966,36,160,Move,33050180,25
966,36,160,Move,33050181,25
967,35,160,Move,33050191,25
967,34,160,Move,33050199,25
967,33,160,Move,33050215,25
967,32,160,Move,33050231,25
968,31,160,Move,33050247,25
969,31,160,Move,33050263,25
970,31,160,Move,33050359,25
971,31,160,Move,33050367,25
972,31,160,Move,33050395,25
972,31,160,Move,33050396,25
973,31,160,Move,33050407,25
974,31,160,Move,33050448,25
974,31,161,Pressed,33050551,25
974,31,514,Released,33050679,25
974,31,512,Move,33050698,8
974,32,512,Move,33050741,8
974,33,512,Move,33050743,8
974,34,512,Move,33050752,8
974,35,512,Move,33050768,8
974,36,512,Move,33050775,8
974,38,512,Move,33050791,8
973,40,512,Move,33050799,8
972,41,512,Move,33050807,8
971,44,512,Move,33050815,8
968,47,512,Move,33050823,8
965,51,512,Move,33050832,8
961,56,512,Move,33050839,8
958,62,512,Move,33050847,8
952,66,512,Move,33050855,8
944,73,512,Move,33050863,8
938,78,512,Move,33050871,8
932,82,512,Move,33050879,8
925,87,512,Move,33050887,8
916,94,512,Move,33050895,8
906,102,512,Move,33050903,8
897,108,512,Move,33050911,8
885,114,512,Move,33050919,8
871,121,512,Move,33050927,8
859,128,512,Move,33050935,8
845,133,512,Move,33050943,8
836,137,512,Move,33050951,8
821,143,512,Move,33050959,8
805,150,512,Move,33050967,8
787,157,512,Move,33050975,8
774,161,512,Move,33050983,8
760,165,512,Move,33050991,8
743,169,512,Move,33050999,8
724,175,512,Move,33051007,8
710,180,512,Move,33051015,8
697,181,512,Move,33051023,8
681,184,512,Move,33051031,8
669,186,512,Move,33051039,8
658,188,512,Move,33051047,8
644,190,512,Move,33051055,8
631,193,512,Move,33051063,8
619,194,512,Move,33051071,8
607,194,512,Move,33051079,8
594,194,512,Move,33051087,8
582,194,512,Move,33051095,8
570,194,512,Move,33051103,8
560,194,512,Move,33051111,8
550,194,512,Move,33051119,8
539,194,512,Move,33051127,8
530,192,512,Move,33051135,8
521,190,512,Move,33051143,8
514,189,512,Move,33051151,8
510,187,512,Move,33051159,8
505,184,512,Move,33051167,8
500,182,512,Move,33051175,8
496,180,512,Move,33051183,8
490,177,512,Move,33051191,8
487,176,512,Move,33051199,8
482,174,512,Move,33051207,8
477,171,512,Move,33051215,8
469,168,512,Move,33051223,8
462,165,512,Move,33051231,8
455,163,512,Move,33051239,8
449,161,512,Move,33051247,8
442,159,512,Move,33051255,8
437,157,512,Move,33051263,8
433,155,512,Move,33051271,8
427,154,512,Move,33051279,8
424,152,512,Move,33051287,8
420,150,512,Move,33051295,8
418,148,512,Move,33051303,8
415,145,512,Move,33051311,8
412,144,512,Move,33051319,8
408,142,512,Move,33051327,8
405,140,512,Move,33051335,8
403,138,512,Move,33051343,8
401,136,512,Move,33051351,8
399,134,512,Move,33051359,8
398,134,512,Move,33051367,8
396,133,512,Move,33051375,8
396,131,512,Move,33051383,8
394,130,512,Move,33051391,8
393,128,512,Move,33051399,8
392,128,512,Move,33051407,8
391,127,512,Move,33051415,8
390,126,512,Move,33051423,8
389,126,512,Move,33051431,8
389,125,512,Move,33051447,8
389,124,512,Move,33051455,8
389,123,512,Move,33051463,8
388,122,512,Move,33051503,8
388,122,513,Pressed,33051639,8
388,122,514,Released,33051711,8
399,130,512,Move,33051867,8
400,131,512,Move,33051878,8
403,131,512,Move,33051880,8
405,131,512,Move,33051891,8
406,132,512,Move,33051899,8
408,133,512,Move,33051903,8
410,133,512,Move,33051911,8
411,133,512,Move,33051919,8
413,133,512,Move,33051927,8
414,133,512,Move,33051935,8
415,133,512,Move,33051943,8
416,133,512,Move,33051951,8
417,133,512,Move,33051975,8
418,133,512,Move,33051991,8
419,133,512,Move,33052007,8
420,132,512,Move,33052062,8
420,131,512,Move,33052071,8
420,130,512,Move,33052103,8
420,129,512,Move,33052159,8
420,130,512,Move,33052319,8
420,132,512,Move,33052327,8
420,136,512,Move,33052335,8
420,141,512,Move,33052343,8
418,148,512,Move,33052351,8
417,157,512,Move,33052359,8
414,169,512,Move,33052367,8
413,182,512,Move,33052375,8
412,197,512,Move,33052383,8
410,212,512,Move,33052391,8
410,229,512,Move,33052399,8
410,247,512,Move,33052407,8
410,260,512,Move,33052415,8
414,300,512,Move,33052441,8
416,332,512,Move,33052467,8
416,342,512,Move,33052471,8
416,351,512,Move,33052479,8
416,356,512,Move,33052487,8
416,361,512,Move,33052495,8
416,366,512,Move,33052503,8
416,371,512,Move,33052511,8
416,377,512,Move,33052519,8
418,384,512,Move,33052527,8
420,389,512,Move,33052535,8
425,394,512,Move,33052543,8
431,400,512,Move,33052551,8
438,404,512,Move,33052559,8
447,406,512,Move,33052567,8
450,406,512,Move,33052575,8
451,406,512,Move,33052807,8
451,405,512,Move,33052815,8
452,405,512,Move,33052863,8
451,404,512,Move,33052871,8
449,404,512,Move,33052887,8
448,404,512,Move,33052895,8
448,403,512,Move,33052911,8
449,403,512,Move,33052919,8
448,403,512,Move,33052927,8
446,402,512,Move,33052935,8
447,402,512,Move,33052943,8
446,402,512,Move,33052951,8
445,401,512,Move,33052959,8
446,401,512,Move,33052967,8
445,401,512,Move,33052991,8
443,400,512,Move,33053007,8
444,400,512,Move,33053015,8
443,400,512,Move,33053023,8
441,399,512,Move,33053039,8
442,399,512,Move,33053047,8
440,399,512,Move,33053055,8
439,399,512,Move,33053071,8
438,399,512,Move,33053079,8
437,399,512,Move,33053087,8
435,399,512,Move,33053103,8
433,398,512,Move,33053127,8
434,398,512,Move,33053135,8
433,398,512,Move,33053143,8
432,397,512,Move,33053151,8
432,397,522,Unknown(522),33053159,8
433,398,512,Move,33053167,8
433,398,512,Move,33053171,8
433,398,512,Move,33053171,8
433,398,512,Move,33053175,8
433,398,522,Unknown(522),33053191,8
433,398,512,Move,33053194,8
433,398,512,Move,33053194,8
433,398,512,Move,33053197,8
431,397,512,Move,33053199,8
431,397,512,Move,33053204,8
432,397,512,Move,33053208,8
432,397,512,Move,33053223,8
432,397,512,Move,33053223,8
432,397,522,Unknown(522),33053223,8
432,397,512,Move,33053226,8
431,397,512,Move,33053239,8
431,397,512,Move,33053243,8
431,397,522,Unknown(522),33053255,8
431,397,512,Move,33053266,8
431,397,512,Move,33053266,8
431,397,512,Move,33053269,8
429,396,512,Move,33053279,8
429,396,512,Move,33053283,8
430,396,512,Move,33053287,8
430,396,512,Move,33053291,8
429,396,522,Unknown(522),33053295,8
429,396,512,Move,33053296,8
429,396,512,Move,33053300,8
428,395,512,Move,33053311,8
428,395,512,Move,33053314,8
427,395,512,Move,33053327,8
427,395,512,Move,33053327,8
427,395,512,Move,33053333,8
425,395,512,Move,33053345,8
425,395,512,Move,33053345,8
425,395,512,Move,33053349,8
425,395,512,Move,33053349,8
425,395,512,Move,33053364,8
425,395,512,Move,33053365,8
425,395,512,Move,33053367,8
425,395,512,Move,33053377,8
424,395,512,Move,33053383,8
424,395,512,Move,33053388,8
423,395,512,Move,33053431,8
422,395,512,Move,33053447,8
421,394,512,Move,33053455,8
420,394,512,Move,33053479,8
419,394,512,Move,33053487,8
418,394,512,Move,33053495,8
415,394,512,Move,33053503,8
411,394,512,Move,33053511,8
408,394,512,Move,33053519,8
405,394,512,Move,33053527,8
403,394,512,Move,33053535,8
400,394,512,Move,33053543,8
398,394,512,Move,33053551,8
396,393,512,Move,33053559,8
393,393,512,Move,33053567,8
392,392,512,Move,33053575,8
388,392,512,Move,33053583,8
385,391,512,Move,33053591,8
383,391,512,Move,33053599,8
381,390,512,Move,33053607,8
378,390,512,Move,33053615,8
375,389,512,Move,33053623,8
374,389,512,Move,33053631,8
371,389,512,Move,33053639,8
369,388,512,Move,33053647,8
368,388,512,Move,33053655,8
367,388,512,Move,33053663,8
366,387,512,Move,33053671,8
365,386,512,Move,33053695,8
364,385,512,Move,33053703,8
364,384,512,Move,33053727,8
363,384,512,Move,33053743,8
363,383,512,Move,33053751,8
361,375,512,Move,33053825,8
361,375,512,Move,33053826,8
361,374,512,Move,33053831,8
361,372,512,Move,33053839,8
361,370,512,Move,33053847,8
361,369,512,Move,33053855,8
361,367,512,Move,33053863,8
361,363,512,Move,33053888,8
360,362,512,Move,33053903,8
360,361,512,Move,33053911,8
360,360,512,Move,33053919,8
360,359,512,Move,33053943,8
359,358,512,Move,33054023,8
359,357,512,Move,33054047,8
359,356,512,Move,33054063,8
359,355,512,Move,33054103,8
358,355,512,Move,33054119,8
358,355,516,Pressed,33054183,8
358,355,517,Released,33054255,8
358,355,512,Move,33054277,8
358,355,512,Move,33054280,8
358,356,512,Move,33054543,8
360,361,512,Move,33054551,8
371,386,512,Move,33054578,8
381,408,512,Move,33054602,8
386,417,512,Move,33054607,8
390,427,512,Move,33054615,8
394,435,512,Move,33054623,8
398,442,512,Move,33054631,8
400,448,512,Move,33054639,8
402,452,512,Move,33054647,8
403,456,512,Move,33054655,8
405,458,512,Move,33054663,8
405,460,512,Move,33054671,8
405,462,512,Move,33054679,8
406,462,512,Move,33054687,8
406,463,512,Move,33054775,8
406,464,512,Move,33054791,8
406,465,512,Move,33054799,8
406,466,512,Move,33054815,8
406,467,512,Move,33054823,8
406,468,512,Move,33054839,8
406,469,512,Move,33054847,8
406,470,512,Move,33054855,8
406,472,512,Move,33054863,8
407,474,512,Move,33054871,8
408,476,512,Move,33054879,8
408,478,512,Move,33054887,8
409,480,512,Move,33054895,8
409,482,512,Move,33054903,8
409,483,512,Move,33054911,8
410,485,512,Move,33054919,8
410,487,512,Move,33054927,8
411,489,512,Move,33054943,8
411,490,512,Move,33054951,8
411,491,512,Move,33054967,8
411,492,512,Move,33054975,8
411,493,512,Move,33055095,8
411,494,512,Move,33055127,8
411,494,513,Pressed,33055263,8
411,494,514,Released,33055327,8
411,494,512,Move,33055337,8
411,494,512,Move,33055338,8
411,494,512,Move,33055339,8
411,494,512,Move,33055339,8
411,494,512,Move,33055340,8
411,494,512,Move,33055340,8
411,494,512,Move,33055341,8
411,494,512,Move,33055341,8
411,494,512,Move,33055342,8
411,494,512,Move,33055342,8
411,494,512,Move,33055343,8
411,494,512,Move,33055343,8
411,494,512,Move,33055345,8
411,494,512,Move,33055346,8
411,494,512,Move,33055347,8
411,494,512,Move,33055348,8
411,494,512,Move,33055348,8
411,494,512,Move,33055349,8
411,494,512,Move,33055349,8
411,494,512,Move,33055349,8
411,494,512,Move,33055350,8
411,494,512,Move,33055351,8
411,494,512,Move,33055351,8
411,494,512,Move,33055352,8
411,494,512,Move,33055352,8
411,494,512,Move,33055353,8
411,494,512,Move,33055353,8
411,494,512,Move,33055354,8
411,494,512,Move,33055354,8
411,494,512,Move,33055355,8
411,494,512,Move,33055355,8
411,494,512,Move,33055435,8
411,494,512,Move,33055436,8
412,494,512,Move,33055455,8
480,494,512,Move,33055616,25
480,494,512,Move,33055617,25
486,494,512,Move,33055633,25
486,494,512,Move,33055634,25
487,494,512,Move,33055639,25
489,494,512,Move,33055647,25
492,494,512,Move,33055655,25
493,494,512,Move,33055663,25
495,494,512,Move,33055671,25
498,494,512,Move,33055679,25
499,494,512,Move,33055687,25
501,494,512,Move,33055695,25
504,494,512,Move,33055703,25
506,494,512,Move,33055719,25
507,494,512,Move,33055727,25
508,494,512,Move,33055735,25
509,494,512,Move,33055743,25
510,494,512,Move,33055751,25
512,494,512,Move,33055767,25
513,494,512,Move,33055783,25
514,494,512,Move,33055791,25
515,494,512,Move,33055799,25
517,495,512,Move,33055807,25
519,496,512,Move,33055815,25
521,497,512,Move,33055823,25
522,497,512,Move,33055831,25
524,497,512,Move,33055839,25
526,498,512,Move,33055847,25
527,499,512,Move,33055855,25
529,500,512,Move,33055863,25
532,500,512,Move,33055871,25
534,500,512,Move,33055879,25
537,500,512,Move,33055887,25
540,500,512,Move,33055895,25
542,500,512,Move,33055903,25
547,500,512,Move,33055911,25
553,498,512,Move,33055919,25
557,498,512,Move,33055927,25
560,498,512,Move,33055935,25
564,498,512,Move,33055943,25
568,498,512,Move,33055951,25
569,498,512,Move,33055959,25
569,498,512,Move,33055959,25
572,498,512,Move,33055967,25
574,498,512,Move,33055975,25
575,498,512,Move,33055991,25
576,498,512,Move,33055999,25
577,498,512,Move,33056015,25
578,498,512,Move,33056023,25
579,498,512,Move,33056031,25
579,498,513,Pressed,33056178,25
579,498,513,Pressed,33056179,25
579,498,514,Released,33056191,25
579,498,512,Move,33056223,8
579,498,512,Move,33056330,25
579,498,512,Move,33056331,25
580,497,512,Move,33056343,25
580,497,512,Move,33056344,25
581,496,512,Move,33056352,25
581,496,512,Move,33056353,25
581,495,512,Move,33056359,25
581,495,512,Move,33056360,25
583,494,512,Move,33056368,25
583,494,512,Move,33056369,25
585,491,512,Move,33056378,25
585,491,512,Move,33056379,25
588,489,512,Move,33056383,25
592,486,512,Move,33056391,25
596,483,512,Move,33056399,25
602,476,512,Move,33056407,25
611,471,512,Move,33056415,25
621,463,512,Move,33056423,25
621,463,512,Move,33056429,25
621,463,512,Move,33056430,25
632,452,512,Move,33056431,25
632,452,512,Move,33056432,25
673,412,512,Move,33056455,25
691,390,512,Move,33056463,25
704,369,512,Move,33056472,25
720,348,512,Move,33056479,25
737,324,512,Move,33056487,25
749,309,512,Move,33056495,25
758,297,512,Move,33056503,25
768,285,512,Move,33056511,25
778,270,512,Move,33056519,25
821,206,512,Move,33056577,25
821,206,512,Move,33056577,25
826,199,160,Move,33056584,25
831,193,160,Move,33056591,25
836,185,160,Move,33056599,25
842,178,512,Move,33056607,25
847,170,512,Move,33056615,25
852,164,512,Move,33056623,25
857,158,512,Move,33056631,25
862,152,512,Move,33056639,25
865,146,512,Move,33056647,25
865,146,512,Move,33056648,25
868,142,512,Move,33056655,25
872,138,512,Move,33056663,25
875,133,512,Move,33056671,25
878,130,512,Move,33056679,25
880,126,512,Move,33056691,25
880,126,512,Move,33056691,25
883,123,512,Move,33056695,25
885,121,512,Move,33056703,25
885,121,512,Move,33056704,25
888,118,512,Move,33056711,25
889,115,512,Move,33056719,25
891,112,512,Move,33056727,25
893,110,512,Move,33056738,25
893,110,512,Move,33056738,25
895,108,512,Move,33056743,25
897,105,512,Move,33056751,25
900,102,512,Move,33056759,25
902,99,512,Move,33056767,25
903,97,512,Move,33056775,25
906,94,512,Move,33056788,25
906,94,512,Move,33056788,25
909,93,512,Move,33056791,25
913,91,512,Move,33056799,25
915,89,512,Move,33056808,25
918,87,512,Move,33056815,25
919,85,512,Move,33056823,25
922,83,512,Move,33056831,25
923,83,512,Move,33056840,25
923,83,512,Move,33056840,25
925,81,512,Move,33056847,25
928,80,512,Move,33056855,25
930,79,512,Move,33056863,25
932,77,512,Move,33056871,25
933,76,512,Move,33056879,25
935,75,512,Move,33056887,25
935,75,512,Move,33056888,25
938,73,512,Move,33056898,25
938,73,512,Move,33056899,25
942,69,512,Move,33056914,25
942,69,512,Move,33056914,25
943,68,512,Move,33056919,25
945,67,512,Move,33056927,25
946,66,512,Move,33056935,25
947,63,512,Move,33056946,25
947,63,512,Move,33056947,25
949,62,512,Move,33056951,25
950,60,512,Move,33056959,25
952,58,512,Move,33056967,25
954,56,512,Move,33056975,25
954,55,512,Move,33056983,25
955,54,512,Move,33056993,25
955,54,512,Move,33056994,25
956,53,512,Move,33056999,25
956,52,512,Move,33057007,25
957,52,512,Move,33057016,25
959,51,512,Move,33057023,25
959,50,512,Move,33057041,25
959,50,512,Move,33057041,25
959,49,512,Move,33057047,25
959,49,512,Move,33057048,25
961,48,512,Move,33057055,25
961,47,512,Move,33057071,25
961,46,512,Move,33057079,25
962,45,160,Move,33057087,25
963,45,160,Move,33057095,25
963,44,160,Move,33057104,25
963,44,160,Move,33057104,25
964,43,160,Move,33057119,25
965,41,160,Move,33057127,25
965,41,160,Move,33057128,25
965,40,160,Move,33057143,25
965,39,160,Move,33057159,25
965,38,160,Move,33057175,25
965,37,160,Move,33057191,25
965,36,160,Move,33057207,25
965,35,160,Move,33057223,25
965,34,160,Move,33057231,25
966,33,160,Move,33057239,25
966,33,160,Move,33057240,25
967,33,160,Move,33057255,25
967,33,161,Pressed,33057375,25
967,33,514,Released,33057472,25
967,33,512,Move,33057486,8
967,39,512,Move,33057530,8
967,42,512,Move,33057535,8
967,44,512,Move,33057545,8
966,48,512,Move,33057551,8
963,52,512,Move,33057559,8
961,57,512,Move,33057567,8
958,65,512,Move,33057575,8
953,72,512,Move,33057583,8
946,81,512,Move,33057591,8
938,91,512,Move,33057599,8
930,102,512,Move,33057607,8
916,119,512,Move,33057615,8
903,130,512,Move,33057623,8
888,147,512,Move,33057631,8
867,169,512,Move,33057640,8
842,193,512,Move,33057647,8
818,218,512,Move,33057655,8
795,241,512,Move,33057663,8
777,258,512,Move,33057671,8
714,312,512,Move,33057697,8
693,330,512,Move,33057703,8
672,345,512,Move,33057711,8
651,361,512,Move,33057719,8
629,377,512,Move,33057727,8
612,390,512,Move,33057735,8
597,402,512,Move,33057743,8
585,411,512,Move,33057751,8
574,418,512,Move,33057759,8
566,424,512,Move,33057767,8
559,431,512,Move,33057775,8
553,436,512,Move,33057783,8
550,437,512,Move,33057791,8
547,439,512,Move,33057799,8
544,441,512,Move,33057807,8
543,442,512,Move,33057815,8
543,442,522,Unknown(522),33058015,8
543,442,512,Move,33058039,8
543,442,512,Move,33058039,8
543,442,512,Move,33058042,8
543,442,512,Move,33058042,8
543,442,512,Move,33058045,8
543,442,522,Unknown(522),33058047,8
543,442,512,Move,33058066,8
543,442,512,Move,33058066,8
543,442,512,Move,33058069,8
543,442,522,Unknown(522),33058079,8
543,442,512,Move,33058080,8
543,442,512,Move,33058103,8
543,442,512,Move,33058103,8
543,442,522,Unknown(522),33058103,8
543,442,512,Move,33058106,8
543,442,512,Move,33058130,8
543,442,512,Move,33058131,8
543,442,512,Move,33058133,8
543,442,512,Move,33058134,8
543,442,522,Unknown(522),33058137,8
543,442,512,Move,33058138,8
543,442,512,Move,33058142,8
543,442,512,Move,33058142,8
543,442,512,Move,33058165,8
543,442,512,Move,33058166,8
543,442,512,Move,33058169,8
543,442,512,Move,33058169,8
543,442,512,Move,33058172,8
543,442,512,Move,33058187,8
543,442,512,Move,33058187,8
543,442,512,Move,33058190,8
543,442,512,Move,33058210,8
543,442,512,Move,33058211,8
543,442,512,Move,33058213,8
543,442,512,Move,33058222,8
543,442,512,Move,33058234,8
542,442,512,Move,33058527,8
541,442,512,Move,33058535,8
541,441,512,Move,33058543,8
540,438,512,Move,33058551,8
539,436,512,Move,33058559,8
537,434,512,Move,33058567,8
536,432,512,Move,33058575,8
534,430,512,Move,33058583,8
533,429,512,Move,33058591,8
531,427,512,Move,33058599,8
528,425,512,Move,33058607,8
526,423,512,Move,33058615,8
523,421,512,Move,33058623,8
519,418,512,Move,33058631,8
517,417,512,Move,33058639,8
518,416,512,Move,33058951,8
519,415,512,Move,33058959,8
519,414,512,Move,33058967,8
519,412,512,Move,33058983,8
519,411,512,Move,33058991,8
519,409,512,Move,33058999,8
519,408,512,Move,33059007,8
520,407,512,Move,33059015,8
520,406,512,Move,33059023,8
520,404,512,Move,33059031,8
520,403,512,Move,33059047,8
520,402,512,Move,33059055,8
520,401,512,Move,33059071,8
520,400,512,Move,33059087,8
520,399,512,Move,33059111,8
520,398,512,Move,33059127,8
520,397,512,Move,33059751,8
520,390,512,Move,33059767,8
522,376,512,Move,33059775,8
525,361,512,Move,33059783,8
525,348,512,Move,33059791,8
525,333,512,Move,33059799,8
522,318,512,Move,33059807,8
519,301,512,Move,33059815,8
513,281,512,Move,33059823,8
505,263,512,Move,33059831,8
498,248,512,Move,33059839,8
491,235,512,Move,33059847,8
486,225,512,Move,33059855,8
483,214,512,Move,33059863,8
480,205,512,Move,33059871,8
477,200,512,Move,33059879,8
475,194,512,Move,33059887,8
473,190,512,Move,33059895,8
472,187,512,Move,33059903,8
471,184,512,Move,33059911,8
470,184,512,Move,33059919,8
470,183,512,Move,33059927,8
469,182,512,Move,33059935,8
468,182,512,Move,33059943,8
468,181,512,Move,33059951,8
470,181,512,Move,33060167,8
469,181,512,Move,33060183,8
469,178,512,Move,33060191,8
469,176,512,Move,33060199,8
470,175,512,Move,33060207,8
471,173,512,Move,33060215,8
471,171,512,Move,33060223,8
471,170,512,Move,33060231,8
471,167,512,Move,33060239,8
471,165,512,Move,33060247,8
471,164,512,Move,33060255,8
471,161,512,Move,33060263,8
471,159,512,Move,33060271,8
471,156,512,Move,33060287,8
471,155,512,Move,33060295,8
472,154,512,Move,33060303,8
473,151,512,Move,33060311,8
474,149,512,Move,33060319,8
475,148,512,Move,33060327,8
475,145,512,Move,33060335,8
476,143,512,Move,33060343,8
476,142,512,Move,33060351,8
476,140,512,Move,33060359,8
477,138,512,Move,33060367,8
478,137,512,Move,33060375,8
479,136,512,Move,33060383,8
480,134,512,Move,33060391,8
481,132,512,Move,33060407,8
482,131,512,Move,33060415,8
483,129,512,Move,33060431,8
483,128,512,Move,33060439,8
484,127,512,Move,33060455,8
485,126,512,Move,33060463,8
485,125,512,Move,33060471,8
486,124,512,Move,33060487,8
486,123,512,Move,33060495,8
486,122,512,Move,33060511,8
486,121,512,Move,33060527,8
486,120,512,Move,33060567,8
486,120,513,Pressed,33060695,8
486,120,514,Released,33060815,8
486,144,512,Move,33060965,8
486,145,512,Move,33060970,8
486,147,512,Move,33060989,8
486,148,512,Move,33060991,8
486,147,512,Move,33061159,8
486,146,512,Move,33061175,8
486,145,512,Move,33061183,8
486,144,512,Move,33061199,8
486,143,512,Move,33061207,8
486,142,512,Move,33061215,8
486,141,512,Move,33061231,8
486,140,512,Move,33061247,8
486,139,512,Move,33061271,8
486,138,512,Move,33061287,8
486,137,512,Move,33061295,8
485,137,512,Move,33061303,8
484,136,512,Move,33061311,8
484,135,512,Move,33061319,8
483,135,512,Move,33061327,8
481,134,512,Move,33061335,8
481,133,512,Move,33061343,8
480,133,512,Move,33061351,8
478,132,512,Move,33061359,8
477,131,512,Move,33061367,8
475,131,512,Move,33061375,8
473,131,512,Move,33061383,8
471,131,512,Move,33061391,8
469,131,512,Move,33061399,8
467,131,512,Move,33061407,8
466,132,512,Move,33061415,8
464,133,512,Move,33061423,8
462,136,512,Move,33061431,8
460,138,512,Move,33061439,8
457,141,512,Move,33061447,8
454,146,512,Move,33061455,8
450,152,512,Move,33061463,8
445,161,512,Move,33061471,8
443,170,512,Move,33061479,8
439,179,512,Move,33061487,8
437,185,512,Move,33061495,8
435,193,512,Move,33061503,8
434,200,512,Move,33061511,8
433,210,512,Move,33061519,8
430,221,512,Move,33061527,8
429,231,512,Move,33061535,8
429,241,512,Move,33061543,8
429,249,512,Move,33061551,8
429,259,512,Move,33061559,8
429,283,512,Move,33061584,8
432,301,512,Move,33061609,8
435,311,512,Move,33061637,8
435,312,512,Move,33061639,8
435,313,512,Move,33061647,8
435,313,522,Unknown(522),33062439,8
435,313,512,Move,33062461,8
435,313,512,Move,33062462,8
435,313,522,Unknown(522),33062465,8
435,313,512,Move,33062466,8
435,313,512,Move,33062475,8
435,313,512,Move,33062476,8
435,313,512,Move,33062478,8
435,313,522,Unknown(522),33062504,8
435,313,522,Unknown(522),33062511,8
435,313,512,Move,33062519,8
435,313,512,Move,33062519,8
435,313,512,Move,33062522,8
435,313,512,Move,33062523,8
435,313,512,Move,33062526,8
435,313,512,Move,33062533,8
435,313,522,Unknown(522),33062535,8
435,313,512,Move,33062549,8
435,313,512,Move,33062550,8
435,313,512,Move,33062553,8
435,313,512,Move,33062572,8
435,313,512,Move,33062572,8
435,313,512,Move,33062575,8
435,313,512,Move,33062576,8
435,313,512,Move,33062578,8
435,313,512,Move,33062583,8
435,313,512,Move,33062595,8
435,313,512,Move,33062618,8
435,313,512,Move,33062619,8
435,313,512,Move,33062622,8
435,313,512,Move,33062629,8
436,314,512,Move,33062847,8
437,315,512,Move,33062855,8
442,320,512,Move,33062863,8
453,330,512,Move,33062914,8
455,332,512,Move,33062919,8
456,335,512,Move,33062927,8
458,337,512,Move,33062935,8
460,338,512,Move,33062943,8
462,340,512,Move,33062951,8
462,343,512,Move,33062959,8
465,345,512,Move,33062967,8
467,347,512,Move,33062975,8
469,348,512,Move,33062983,8
470,350,512,Move,33062991,8
471,351,512,Move,33062999,8
473,352,512,Move,33063022,8
473,353,512,Move,33063024,8
473,354,512,Move,33063031,8
473,355,512,Move,33063047,8
473,356,512,Move,33063055,8
473,357,512,Move,33063063,8
473,358,512,Move,33063239,8
473,359,512,Move,33063247,8
474,359,512,Move,33063255,8
474,360,512,Move,33063527,8
476,360,512,Move,33063543,8
476,361,512,Move,33063551,8
476,362,512,Move,33063559,8
475,362,512,Move,33063567,8
473,361,512,Move,33063575,8
473,360,512,Move,33063583,8
474,360,512,Move,33063879,8
474,364,512,Move,33063887,8
475,365,512,Move,33063895,8
476,365,512,Move,33063903,8
477,365,512,Move,33063911,8
477,364,512,Move,33063919,8
478,364,512,Move,33063927,8
479,364,512,Move,33063935,8
480,364,512,Move,33063951,8
480,363,512,Move,33063959,8
481,363,512,Move,33063983,8
481,362,512,Move,33064175,8
481,361,512,Move,33064207,8
481,363,512,Move,33064791,8
481,364,512,Move,33064799,8
481,366,512,Move,33064807,8
481,367,512,Move,33064815,8
481,368,512,Move,33064831,8
481,370,512,Move,33064856,8
481,371,512,Move,33064863,8
481,372,512,Move,33064871,8
481,373,512,Move,33064887,8
481,374,512,Move,33064895,8
481,375,512,Move,33064903,8
481,376,512,Move,33064975,8
481,377,512,Move,33064999,8
481,378,512,Move,33065023,8
481,379,512,Move,33065039,8
481,380,512,Move,33065055,8
481,381,512,Move,33065079,8
481,382,512,Move,33065087,8
481,383,512,Move,33065103,8
481,382,512,Move,33065255,8
481,381,512,Move,33065263,8
481,380,512,Move,33065271,8
481,379,512,Move,33065287,8
481,378,512,Move,33065295,8
481,377,512,Move,33065303,8
481,376,512,Move,33065311,8
481,375,512,Move,33065319,8
481,373,512,Move,33065335,8
481,372,512,Move,33065343,8
481,371,512,Move,33065359,8
481,370,512,Move,33065367,8
481,369,512,Move,33065391,8
481,368,512,Move,33065407,8
481,367,512,Move,33065415,8
481,366,512,Move,33065447,8
481,365,512,Move,33065471,8
481,364,512,Move,33065495,8
481,363,512,Move,33065511,8
481,362,512,Move,33065527,8
481,361,512,Move,33065535,8
481,360,512,Move,33065543,8
482,360,512,Move,33065551,8
482,359,512,Move,33065559,8
482,358,512,Move,33065567,8
482,357,512,Move,33065583,8
482,356,512,Move,33065607,8
482,355,512,Move,33065639,8
482,356,512,Move,33065871,8
482,357,512,Move,33065887,8
482,358,512,Move,33065927,8
482,357,512,Move,33066143,8
482,356,512,Move,33066167,8
482,356,516,Pressed,33066503,8
482,356,517,Released,33066615,8
482,356,512,Move,33066638,8
482,356,512,Move,33066641,8
483,358,512,Move,33066919,8
485,361,512,Move,33066927,8
490,370,512,Move,33066953,8
499,389,512,Move,33066975,8
502,398,512,Move,33066983,8
505,407,512,Move,33066991,8
508,415,512,Move,33066999,8
512,423,512,Move,33067007,8
514,429,512,Move,33067015,8
516,436,512,Move,33067023,8
518,440,512,Move,33067031,8
518,444,512,Move,33067039,8
518,446,512,Move,33067047,8
518,448,512,Move,33067055,8
518,449,512,Move,33067063,8
518,450,512,Move,33067071,8
518,451,512,Move,33067079,8
518,452,512,Move,33067087,8
518,453,512,Move,33067111,8
518,454,512,Move,33067119,8
518,455,512,Move,33067135,8
518,456,512,Move,33067143,8
518,457,512,Move,33067151,8
518,459,512,Move,33067167,8
518,460,512,Move,33067183,8
518,461,512,Move,33067191,8
518,462,512,Move,33067199,8
518,463,512,Move,33067207,8
518,465,512,Move,33067215,8
518,467,512,Move,33067231,8
518,469,512,Move,33067239,8
518,470,512,Move,33067247,8
518,472,512,Move,33067255,8
518,473,512,Move,33067263,8
518,475,512,Move,33067271,8
518,478,512,Move,33067279,8
518,481,512,Move,33067287,8
518,482,512,Move,33067295,8
518,485,512,Move,33067303,8
518,489,512,Move,33067311,8
518,491,512,Move,33067319,8
519,493,512,Move,33067327,8
520,495,512,Move,33067335,8
520,496,512,Move,33067343,8
520,497,512,Move,33067351,8
520,499,512,Move,33067359,8
520,500,512,Move,33067375,8
520,501,512,Move,33067383,8
520,502,512,Move,33067391,8
520,503,512,Move,33067415,8
520,504,512,Move,33067471,8
520,504,513,Pressed,33067607,8
520,504,514,Released,33067679,8
520,504,512,Move,33067688,8
520,504,512,Move,33067690,8
520,504,512,Move,33067691,8
520,504,512,Move,33067691,8
520,504,512,Move,33067692,8
520,504,512,Move,33067692,8
520,504,512,Move,33067693,8
520,504,512,Move,33067693,8
520,504,512,Move,33067694,8
520,504,512,Move,33067694,8
520,504,512,Move,33067695,8
520,504,512,Move,33067695,8
520,504,512,Move,33067696,8
520,504,512,Move,33067697,8
520,504,512,Move,33067698,8
520,504,512,Move,33067698,8
520,504,512,Move,33067699,8
520,504,512,Move,33067700,8
520,504,512,Move,33067763,8
520,503,512,Move,33067823,8
520,502,512,Move,33067831,8
520,501,512,Move,33067839,8
521,501,512,Move,33067847,8
521,500,512,Move,33067855,8
521,500,512,Move,33067861,8
521,499,512,Move,33067867,8
521,493,512,Move,33067939,8
521,493,512,Move,33067955,8
521,493,512,Move,33067956,8
521,493,512,Move,33067956,8
521,493,512,Move,33067957,8
521,493,512,Move,33067958,8
521,493,512,Move,33067959,8
521,493,512,Move,33067960,8
521,493,512,Move,33067961,8
521,493,512,Move,33067961,8
521,493,512,Move,33067962,8
521,493,512,Move,33067963,8
521,493,512,Move,33067972,25
521,493,512,Move,33067973,25
522,493,512,Move,33068047,25
523,493,512,Move,33068055,25
523,492,512,Move,33068063,25
524,492,512,Move,33068071,25
525,492,512,Move,33068079,25
526,492,512,Move,33068103,25
527,492,512,Move,33068119,25
528,492,512,Move,33068127,25
529,492,512,Move,33068143,25
530,492,512,Move,33068151,25
531,492,512,Move,33068159,25
532,492,512,Move,33068199,25
533,493,512,Move,33068207,25
534,494,512,Move,33068215,25
536,495,512,Move,33068223,25
538,497,512,Move,33068231,25
541,498,512,Move,33068239,25
542,500,512,Move,33068247,25
546,501,512,Move,33068255,25
549,501,512,Move,33068263,25
551,501,512,Move,33068271,25
553,501,512,Move,33068279,25
557,501,512,Move,33068287,25
559,500,512,Move,33068295,25
561,500,512,Move,33068311,25
562,500,512,Move,33068327,25
563,500,512,Move,33068336,25
563,500,512,Move,33068337,25
564,500,512,Move,33068343,25
566,500,512,Move,33068352,25
568,500,512,Move,33068359,25
569,500,512,Move,33068367,25
571,500,512,Move,33068375,25
572,500,512,Move,33068383,25
574,500,512,Move,33068391,25
575,500,512,Move,33068399,25
576,500,512,Move,33068407,25
577,500,512,Move,33068415,25
578,500,512,Move,33068423,25
578,500,513,Pressed,33068543,25
578,500,514,Released,33068599,25
578,500,512,Move,33068627,8
578,500,512,Move,33068736,25
578,500,512,Move,33068736,25
578,499,512,Move,33068791,25
578,497,512,Move,33068799,25
580,495,512,Move,33068807,25
582,494,512,Move,33068815,25
585,491,512,Move,33068823,25
588,488,512,Move,33068832,25
588,488,512,Move,33068833,25
675,412,512,Move,33068895,25
684,399,512,Move,33068903,25
696,385,512,Move,33068911,25
706,371,512,Move,33068919,25
718,354,512,Move,33068927,25
727,341,512,Move,33068935,25
737,327,512,Move,33068943,25
800,270,512,Move,33068997,25
800,270,512,Move,33068997,25
804,266,512,Move,33068999,25
806,264,512,Move,33069007,25
807,262,512,Move,33069021,25
807,261,512,Move,33069031,25
806,258,512,Move,33069039,25
804,258,512,Move,33069047,25
804,258,512,Move,33069048,25
805,257,512,Move,33069247,25
807,257,512,Move,33069255,25
810,257,512,Move,33069264,25
810,257,512,Move,33069264,25
814,256,512,Move,33069271,25
819,254,512,Move,33069279,25
895,197,160,Move,33069391,25
898,193,160,Move,33069399,25
903,189,160,Move,33069407,25
907,184,160,Move,33069415,25
912,181,160,Move,33069423,25
915,178,512,Move,33069431,25
917,175,512,Move,33069439,25
920,172,512,Move,33069447,25
922,168,512,Move,33069455,25
925,165,512,Move,33069463,25
929,161,512,Move,33069472,25
931,157,512,Move,33069479,25
934,152,512,Move,33069487,25
937,148,512,Move,33069495,25
938,145,512,Move,33069503,25
940,142,512,Move,33069511,25
942,140,512,Move,33069519,25
943,137,512,Move,33069527,25
944,134,512,Move,33069535,25
944,131,512,Move,33069543,25
944,129,512,Move,33069551,25
944,126,512,Move,33069559,25
944,123,512,Move,33069567,25
944,119,512,Move,33069575,25
945,117,512,Move,33069583,25
945,114,512,Move,33069591,25
945,111,512,Move,33069599,25
945,111,512,Move,33069600,25
946,109,512,Move,33069607,25
947,105,512,Move,33069615,25
948,102,512,Move,33069623,25
950,99,512,Move,33069631,25
951,95,512,Move,33069639,25
953,93,512,Move,33069647,25
954,89,512,Move,33069655,25
956,86,512,Move,33069663,25
958,84,512,Move,33069671,25
958,81,512,Move,33069679,25
960,80,512,Move,33069687,25
962,78,512,Move,33069695,25
963,76,512,Move,33069703,25
965,73,512,Move,33069711,25
966,72,512,Move,33069719,25
967,71,512,Move,33069727,25
968,69,512,Move,33069735,25
969,67,512,Move,33069743,25
970,66,512,Move,33069751,25
971,65,512,Move,33069759,25
971,63,512,Move,33069767,25
972,61,512,Move,33069783,25
972,60,512,Move,33069791,25
972,58,512,Move,33069799,25
972,57,512,Move,33069807,25
972,56,512,Move,33069815,25
973,54,512,Move,33069823,25
973,52,512,Move,33069831,25
973,51,512,Move,33069839,25
974,49,512,Move,33069847,25
974,47,512,Move,33069855,25
974,46,512,Move,33069863,25
974,44,160,Move,33069871,25
974,43,160,Move,33069879,25
974,42,160,Move,33069887,25
974,40,160,Move,33069895,25
974,39,160,Move,33069903,25
974,37,160,Move,33069919,25
974,36,160,Move,33069927,25
974,35,160,Move,33069951,25
974,35,161,Pressed,33070039,25
974,35,514,Released,33070135,25
974,35,512,Move,33070151,8
970,38,512,Move,33070199,8
967,40,512,Move,33070214,8
965,42,512,Move,33070215,8
962,45,512,Move,33070223,8
960,45,512,Move,33070231,8
956,48,512,Move,33070239,8
952,52,512,Move,33070247,8
944,57,512,Move,33070255,8
934,62,512,Move,33070263,8
918,69,512,Move,33070271,8
906,76,512,Move,33070279,8
892,83,512,Move,33070287,8
878,90,512,Move,33070295,8
863,95,512,Move,33070303,8
843,103,512,Move,33070311,8
824,111,512,Move,33070319,8
810,116,512,Move,33070327,8
797,122,512,Move,33070335,8
783,125,512,Move,33070343,8
773,126,512,Move,33070351,8
764,127,512,Move,33070359,8
760,127,512,Move,33070367,8
757,127,512,Move,33070375,8
753,127,512,Move,33070383,8
749,127,512,Move,33070391,8
745,127,512,Move,33070399,8
742,127,512,Move,33070407,8
737,127,512,Move,33070415,8
730,127,512,Move,33070423,8
725,127,512,Move,33070431,8
716,127,512,Move,33070439,8
708,128,512,Move,33070447,8
699,130,512,Move,33070455,8
690,131,512,Move,33070463,8
680,133,512,Move,33070471,8
671,135,512,Move,33070479,8
663,138,512,Move,33070487,8
652,139,512,Move,33070495,8
644,140,512,Move,33070503,8
635,141,512,Move,33070511,8
625,144,512,Move,33070519,8
615,145,512,Move,33070527,8
604,147,512,Move,33070535,8
596,148,512,Move,33070543,8
587,148,512,Move,33070551,8
579,148,512,Move,33070559,8
572,148,512,Move,33070567,8
566,148,512,Move,33070575,8
557,148,512,Move,33070583,8
550,148,512,Move,33070591,8
544,148,512,Move,33070599,8
537,148,512,Move,33070607,8
532,148,512,Move,33070615,8
526,148,512,Move,33070623,8
523,147,512,Move,33070631,8
520,145,512,Move,33070639,8
517,143,512,Move,33070647,8
514,142,512,Move,33070655,8
510,141,512,Move,33070663,8
508,140,512,Move,33070671,8
507,139,512,Move,33070679,8
505,139,512,Move,33070687,8
505,138,512,Move,33070695,8
503,138,512,Move,33070703,8
503,137,512,Move,33070711,8
502,137,512,Move,33070735,8
502,136,512,Move,33070743,8
502,135,512,Move,33070767,8
502,134,512,Move,33070783,8
502,133,512,Move,33070807,8
501,133,512,Move,33070815,8
501,132,512,Move,33070823,8
500,131,512,Move,33070831,8
500,130,512,Move,33070855,8
499,130,512,Move,33070863,8
499,129,512,Move,33070879,8
498,129,512,Move,33070887,8
498,128,512,Move,33070895,8
497,128,512,Move,33070903,8
497,127,512,Move,33070911,8
496,127,512,Move,33070919,8
495,126,512,Move,33070927,8
494,125,512,Move,33070935,8
494,124,512,Move,33070943,8
493,124,512,Move,33070951,8
491,124,512,Move,33070959,8
489,123,512,Move,33070975,8
488,123,512,Move,33070983,8
487,123,512,Move,33070991,8
486,123,512,Move,33070999,8
486,123,513,Pressed,33071111,8
486,123,514,Released,33071207,8
494,133,512,Move,33071329,8
495,134,512,Move,33071342,8
496,134,512,Move,33071345,8
497,134,512,Move,33071367,8
498,134,512,Move,33071383,8
499,134,512,Move,33071415,8
500,133,512,Move,33071423,8
501,132,512,Move,33071439,8
502,131,512,Move,33071455,8
503,131,512,Move,33071463,8
503,130,512,Move,33071487,8
504,129,512,Move,33071503,8
504,128,512,Move,33071537,8
503,129,512,Move,33071679,8
503,130,512,Move,33071687,8
502,130,512,Move,33071695,8
502,133,512,Move,33071703,8
502,135,512,Move,33071711,8
502,139,512,Move,33071719,8
502,143,512,Move,33071727,8
503,149,512,Move,33071735,8
504,158,512,Move,33071743,8
506,165,512,Move,33071751,8
510,174,512,Move,33071759,8
514,183,512,Move,33071767,8
519,194,512,Move,33071775,8
525,206,512,Move,33071783,8
530,220,512,Move,33071791,8
537,232,512,Move,33071799,8
544,246,512,Move,33071807,8
549,260,512,Move,33071815,8
556,273,512,Move,33071823,8
563,287,512,Move,33071831,8
569,300,512,Move,33071839,8
573,310,512,Move,33071847,8
577,321,512,Move,33071855,8
580,328,512,Move,33071863,8
583,335,512,Move,33071871,8
585,342,512,Move,33071879,8
587,346,512,Move,33071887,8
589,352,512,Move,33071895,8
590,355,512,Move,33071903,8
592,358,512,Move,33071911,8
593,360,512,Move,33071919,8
593,361,512,Move,33071927,8
593,363,512,Move,33071935,8
594,363,512,Move,33071943,8
594,363,522,Unknown(522),33072415,8
594,363,512,Move,33072430,8
594,363,512,Move,33072430,8
594,363,512,Move,33072434,8
594,363,512,Move,33072446,8
594,363,512,Move,33072446,8
594,363,522,Unknown(522),33072447,8
594,363,512,Move,33072459,8
594,363,512,Move,33072471,8
594,363,512,Move,33072471,8
594,363,522,Unknown(522),33072472,8
594,363,512,Move,33072475,8
594,363,512,Move,33072484,8
594,363,512,Move,33072499,8
594,363,522,Unknown(522),33072503,8
594,363,512,Move,33072522,8
594,363,512,Move,33072523,8
594,363,512,Move,33072525,8
594,363,512,Move,33072526,8
594,363,512,Move,33072528,8
594,363,512,Move,33072535,8
594,363,512,Move,33072570,8
594,363,512,Move,33072570,8
594,363,512,Move,33072573,8
594,363,512,Move,33072574,8
594,363,512,Move,33072577,8
594,363,512,Move,33072582,8
594,364,512,Move,33072591,8
594,364,512,Move,33072596,8
591,369,512,Move,33072599,8
591,369,512,Move,33072603,8
587,374,512,Move,33072607,8
584,380,512,Move,33072615,8
580,385,512,Move,33072623,8
578,393,512,Move,33072631,8
575,402,512,Move,33072639,8
573,418,512,Move,33072662,8
573,423,512,Move,33072664,8
577,427,512,Move,33072688,8
576,427,512,Move,33072959,8
574,427,512,Move,33072967,8
573,427,512,Move,33072975,8
570,427,512,Move,33072983,8
567,427,512,Move,33072991,8
565,427,512,Move,33072999,8
562,427,512,Move,33073007,8
559,427,512,Move,33073015,8
558,427,512,Move,33073023,8
555,426,512,Move,33073031,8
553,426,512,Move,33073039,8
551,424,512,Move,33073047,8
549,423,512,Move,33073055,8
547,423,512,Move,33073063,8
546,421,512,Move,33073071,8
546,420,512,Move,33073079,8
544,419,512,Move,33073087,8
543,419,512,Move,33073095,8
542,418,512,Move,33073103,8
540,416,512,Move,33073125,8
539,415,512,Move,33073135,8
538,414,512,Move,33073143,8
537,414,512,Move,33073231,8
537,413,512,Move,33073239,8
535,410,512,Move,33073300,8
535,409,512,Move,33073303,8
534,409,512,Move,33073311,8
534,408,512,Move,33073319,8
534,407,512,Move,33073327,8
534,406,512,Move,33073335,8
533,406,512,Move,33073343,8
533,405,512,Move,33073351,8
533,405,516,Pressed,33073431,8
533,405,517,Released,33073591,8
533,405,512,Move,33073613,8
533,405,512,Move,33073617,8
533,408,512,Move,33073807,8
535,412,512,Move,33073815,8
547,429,512,Move,33073839,8
555,446,512,Move,33073860,8
558,455,512,Move,33073863,8
561,463,512,Move,33073871,8
565,471,512,Move,33073879,8
568,478,512,Move,33073887,8
572,485,512,Move,33073895,8
574,490,512,Move,33073903,8
575,492,512,Move,33073911,8
576,495,512,Move,33073919,8
577,496,512,Move,33073927,8
577,497,512,Move,33074023,8
577,498,512,Move,33074039,8
577,499,512,Move,33074063,8
577,500,512,Move,33074071,8
577,501,512,Move,33074095,8
577,502,512,Move,33074103,8
577,504,512,Move,33074111,8
578,505,512,Move,33074119,8
579,506,512,Move,33074127,8
579,508,512,Move,33074135,8
579,510,512,Move,33074143,8
580,511,512,Move,33074151,8
581,513,512,Move,33074159,8
582,516,512,Move,33074167,8
583,519,512,Move,33074175,8
584,520,512,Move,33074183,8
585,523,512,Move,33074191,8
586,526,512,Move,33074199,8
586,528,512,Move,33074207,8
586,529,512,Move,33074215,8
586,531,512,Move,33074223,8
586,532,512,Move,33074239,8
586,533,512,Move,33074255,8
586,534,512,Move,33074271,8
586,535,512,Move,33074327,8
586,536,512,Move,33074335,8
586,537,512,Move,33074343,8
586,538,512,Move,33074351,8
586,539,512,Move,33074359,8
586,540,512,Move,33074407,8
586,541,512,Move,33074415,8
586,542,512,Move,33074447,8
586,543,512,Move,33074463,8
586,544,512,Move,33074479,8
586,545,512,Move,33074503,8
586,546,512,Move,33074511,8
586,546,513,Pressed,33074615,8
586,546,514,Released,33074703,8
586,546,512,Move,33074713,8
586,546,512,Move,33074714,8
586,546,512,Move,33074715,8
586,546,512,Move,33074715,8
586,546,512,Move,33074716,8
586,546,512,Move,33074716,8
586,546,512,Move,33074717,8
586,546,512,Move,33074718,8
586,546,512,Move,33074718,8
586,546,512,Move,33074719,8
586,546,512,Move,33074719,8
586,546,512,Move,33074720,8
586,546,512,Move,33074721,8
586,546,512,Move,33074722,8
586,546,512,Move,33074723,8
586,546,512,Move,33074724,8
586,546,512,Move,33074724,8
586,546,512,Move,33074725,8
586,546,512,Move,33074725,8
586,546,512,Move,33074726,8
586,546,512,Move,33074726,8
586,546,512,Move,33074727,8
586,546,512,Move,33074727,8
586,546,512,Move,33074728,8
586,546,512,Move,33074728,8
586,546,512,Move,33074729,8
586,546,512,Move,33074729,8
586,546,512,Move,33074730,8
586,546,512,Move,33074730,8
586,546,512,Move,33074731,8
586,546,512,Move,33074795,8
586,546,512,Move,33074795,8
597,540,512,Move,33074951,8
598,538,512,Move,33074960,8
599,537,512,Move,33074967,8
600,535,512,Move,33074975,8
601,534,512,Move,33074983,8
601,532,512,Move,33074991,8
602,532,512,Move,33074999,8
603,531,512,Move,33075007,8
603,530,512,Move,33075015,8
604,530,512,Move,33075023,8
605,528,512,Move,33075031,8
605,527,512,Move,33075039,8
605,526,512,Move,33075055,8
605,525,512,Move,33075070,8
605,523,160,Move,33075079,25
605,522,160,Move,33075087,25
605,521,160,Move,33075103,25
605,520,512,Move,33075111,25
605,519,512,Move,33075119,25
605,518,512,Move,33075151,25
605,517,512,Move,33075167,25
604,517,512,Move,33075175,25
603,515,512,Move,33075183,25
602,514,512,Move,33075192,25
601,513,512,Move,33075207,25
601,512,512,Move,33075215,25
600,512,512,Move,33075223,25
600,511,512,Move,33075231,25
600,510,512,Move,33075255,25
599,510,512,Move,33075263,25
599,510,512,Move,33075264,25
599,509,512,Move,33075303,25
598,509,512,Move,33075311,25
598,508,512,Move,33075319,25
598,507,512,Move,33075327,25
597,507,512,Move,33075335,25
597,506,512,Move,33075343,25
597,506,512,Move,33075343,25
596,505,512,Move,33075351,25
596,504,512,Move,33075359,25
595,504,512,Move,33075367,25
594,504,512,Move,33075375,25
594,503,512,Move,33075385,25
594,503,512,Move,33075385,25
593,503,512,Move,33075391,25
593,502,512,Move,33075407,25
593,502,513,Pressed,33075487,25
593,502,514,Released,33075591,25
593,502,512,Move,33075618,8
593,502,512,Move,33075722,25
593,502,512,Move,33075723,25
594,502,512,Move,33075743,25
594,502,512,Move,33075744,25
595,501,512,Move,33075755,25
595,501,512,Move,33075756,25
598,500,512,Move,33075760,25
601,498,512,Move,33075772,25
601,498,512,Move,33075773,25
606,496,512,Move,33075775,25
614,492,512,Move,33075784,25
614,492,512,Move,33075784,25
622,490,512,Move,33075791,25
633,483,512,Move,33075799,25
646,475,512,Move,33075810,25
646,475,512,Move,33075810,25
660,461,160,Move,33075815,25
676,447,512,Move,33075823,25
697,429,512,Move,33075837,25
720,409,512,Move,33075839,25
737,390,512,Move,33075847,25
751,375,512,Move,33075855,25
768,356,512,Move,33075864,25
782,341,512,Move,33075871,25
793,326,512,Move,33075879,25
804,313,512,Move,33075887,25
813,301,512,Move,33075895,25
821,292,512,Move,33075903,25
826,284,512,Move,33075911,25
831,278,512,Move,33075919,25
832,275,512,Move,33075927,25
834,273,512,Move,33075935,25
834,272,512,Move,33076010,25
834,272,512,Move,33076010,25
837,271,512,Move,33076207,25
843,267,512,Move,33076215,25
851,261,512,Move,33076223,25
861,250,512,Move,33076231,25
870,241,512,Move,33076239,25
881,230,512,Move,33076247,25
892,219,512,Move,33076255,25
905,206,512,Move,33076263,25
916,195,160,Move,33076271,25
916,195,160,Move,33076272,25
928,184,160,Move,33076279,25
938,174,512,Move,33076287,25
946,164,512,Move,33076295,25
952,156,512,Move,33076307,25
952,156,512,Move,33076307,25
959,147,512,Move,33076311,25
964,139,512,Move,33076319,25
969,133,512,Move,33076327,25
971,126,512,Move,33076335,25
973,122,512,Move,33076343,25
975,118,512,Move,33076352,25
975,118,512,Move,33076352,25
976,114,512,Move,33076359,25
978,110,512,Move,33076367,25
979,107,512,Move,33076375,25
979,104,512,Move,33076389,25
979,104,512,Move,33076389,25
979,103,512,Move,33076391,25
979,103,512,Move,33076392,25
979,100,512,Move,33076399,25
979,97,512,Move,33076407,25
979,96,512,Move,33076415,25
979,94,512,Move,33076423,25
979,92,512,Move,33076431,25
979,90,512,Move,33076439,25
979,89,512,Move,33076447,25
979,87,512,Move,33076456,25
979,86,512,Move,33076463,25
979,84,512,Move,33076471,25
979,82,512,Move,33076480,25
979,82,512,Move,33076480,25
979,81,512,Move,33076487,25
979,79,512,Move,33076495,25
979,76,512,Move,33076503,25
979,74,512,Move,33076512,25
979,74,512,Move,33076513,25
979,72,512,Move,33076519,25
979,70,512,Move,33076527,25
979,67,512,Move,33076535,25
979,65,512,Move,33076543,25
979,63,512,Move,33076551,25
979,61,512,Move,33076559,25
978,58,512,Move,33076567,25
977,57,512,Move,33076575,25
977,55,512,Move,33076583,25
976,53,512,Move,33076591,25
975,52,512,Move,33076599,25
975,51,512,Move,33076607,25
974,50,512,Move,33076615,25
974,49,512,Move,33076623,25
974,48,512,Move,33076631,25
973,48,512,Move,33076639,25
973,47,512,Move,33076647,25
973,46,512,Move,33076655,25
973,45,160,Move,33076671,25
973,44,160,Move,33076703,25
973,43,160,Move,33076735,25
973,42,160,Move,33076783,25
973,42,161,Pressed,33076799,25
973,41,512,Move,33076807,25
973,40,512,Move,33076823,25
973,40,514,Released,33076927,25
973,40,512,Move,33076941,8
972,40,512,Move,33077111,8
971,41,512,Move,33077119,8
969,43,512,Move,33077127,8
965,47,512,Move,33077135,8
958,53,512,Move,33077143,8
948,60,512,Move,33077151,8
938,68,512,Move,33077159,8
924,76,512,Move,33077167,8
910,86,512,Move,33077175,8
892,93,512,Move,33077183,8
870,104,512,Move,33077192,8
844,115,512,Move,33077199,8
817,122,512,Move,33077207,8
793,129,512,Move,33077215,8
776,134,512,Move,33077223,8
759,137,512,Move,33077231,8
742,140,512,Move,33077239,8
725,143,512,Move,33077247,8
710,146,512,Move,33077255,8
697,148,512,Move,33077263,8
682,148,512,Move,33077271,8
667,148,512,Move,33077279,8
655,148,512,Move,33077287,8
643,148,512,Move,33077295,8
632,148,512,Move,33077303,8
622,148,512,Move,33077311,8
610,148,512,Move,33077319,8
602,146,512,Move,33077327,8
595,145,512,Move,33077335,8
588,144,512,Move,33077343,8
579,143,512,Move,33077351,8
572,142,512,Move,33077359,8
567,142,512,Move,33077367,8
560,140,512,Move,33077375,8
555,140,512,Move,33077383,8
549,140,512,Move,33077391,8
543,140,512,Move,33077399,8
536,140,512,Move,33077407,8
531,140,512,Move,33077415,8
526,140,512,Move,33077423,8
519,140,512,Move,33077431,8
514,140,512,Move,33077439,8
508,140,512,Move,33077447,8
505,140,512,Move,33077455,8
500,140,512,Move,33077463,8
496,140,512,Move,33077471,8
494,140,512,Move,33077479,8
492,140,512,Move,33077487,8
491,140,512,Move,33077495,8
490,140,512,Move,33077503,8
490,139,512,Move,33077519,8
489,139,512,Move,33077543,8
489,138,512,Move,33077551,8
488,138,512,Move,33077559,8
487,138,512,Move,33077567,8
486,138,512,Move,33077575,8
486,137,512,Move,33077583,8
486,136,512,Move,33077599,8
485,136,512,Move,33077607,8
485,135,512,Move,33077615,8
485,134,512,Move,33077623,8
485,133,512,Move,33077639,8
485,132,512,Move,33077655,8
484,131,512,Move,33077663,8
484,130,512,Move,33077687,8
484,129,512,Move,33077695,8
484,128,512,Move,33077711,8
484,127,512,Move,33077727,8
484,126,512,Move,33077735,8
484,126,512,Move,33078253,8
484,126,513,Pressed,33078735,8
484,126,512,Move,33078749,8
484,126,514,Released,33078871,8
482,129,512,Move,33078976,8
480,133,512,Move,33078983,8
478,137,512,Move,33078991,8
475,142,512,Move,33078999,8
472,151,512,Move,33079007,8
468,158,512,Move,33079017,8
466,164,512,Move,33079023,8
462,172,512,Move,33079031,8
459,181,512,Move,33079039,8
455,189,512,Move,33079047,8
451,199,512,Move,33079055,8
447,207,512,Move,33079063,8
444,214,512,Move,33079071,8
439,222,512,Move,33079079,8
436,227,512,Move,33079087,8
435,233,512,Move,33079095,8
434,239,512,Move,33079116,8
434,241,512,Move,33079119,8
437,242,512,Move,33079127,8
440,243,512,Move,33079135,8
444,243,512,Move,33079143,8
443,243,512,Move,33079367,8
442,243,512,Move,33079383,8
435,244,512,Move,33079404,8
431,244,512,Move,33079407,8
427,244,512,Move,33079415,8
423,244,512,Move,33079423,8
422,244,512,Move,33079431,8
419,244,512,Move,33079439,8
417,244,512,Move,33079447,8
416,246,512,Move,33079455,8
413,248,512,Move,33079476,8
412,249,512,Move,33079480,8
411,250,512,Move,33079487,8
409,251,512,Move,33079495,8
409,252,512,Move,33079503,8
408,252,512,Move,33079511,8
406,254,512,Move,33079519,8
405,256,512,Move,33079527,8
405,257,512,Move,33079535,8
403,259,512,Move,33079543,8
402,261,512,Move,33079551,8
400,264,512,Move,33079559,8
398,265,512,Move,33079567,8
397,269,512,Move,33079575,8
394,273,512,Move,33079583,8
392,276,512,Move,33079591,8
390,279,512,Move,33079599,8
389,281,512,Move,33079607,8
387,284,512,Move,33079615,8
386,286,512,Move,33079623,8
385,289,512,Move,33079631,8
384,293,512,Move,33079639,8
384,296,512,Move,33079647,8
384,298,512,Move,33079655,8
383,301,512,Move,33079663,8
383,304,512,Move,33079671,8
383,306,512,Move,33079679,8
383,308,512,Move,33079687,8
383,311,512,Move,33079695,8
383,312,512,Move,33079703,8
383,314,512,Move,33079711,8
383,315,512,Move,33079718,8
383,316,512,Move,33079727,8
383,318,512,Move,33079735,8
383,319,512,Move,33079743,8
383,320,512,Move,33079751,8
383,322,512,Move,33079759,8
383,323,512,Move,33079775,8
383,324,512,Move,33079783,8
383,324,512,Move,33080295,8
383,325,512,Move,33080615,8
383,326,512,Move,33080623,8
384,327,512,Move,33080631,8
387,330,512,Move,33080639,8
389,334,512,Move,33080647,8
392,337,512,Move,33080655,8
392,337,512,Move,33080659,8
398,343,512,Move,33080663,8
405,348,512,Move,33080671,8
413,355,512,Move,33080679,8
422,361,512,Move,33080687,8
432,369,512,Move,33080695,8
441,377,512,Move,33080703,8
450,384,512,Move,33080711,8
458,390,512,Move,33080719,8
464,396,512,Move,33080727,8
467,401,512,Move,33080735,8
469,404,512,Move,33080743,8
469,405,512,Move,33080751,8
468,407,512,Move,33080759,8
467,408,512,Move,33080767,8
468,408,512,Move,33081063,8
469,408,512,Move,33081071,8
471,408,512,Move,33081079,8
473,408,512,Move,33081087,8
474,408,512,Move,33081095,8
476,408,512,Move,33081103,8
479,408,512,Move,33081111,8
480,408,512,Move,33081119,8
483,408,512,Move,33081127,8
485,408,512,Move,33081143,8
486,408,512,Move,33081151,8
487,408,512,Move,33081167,8
489,408,512,Move,33081175,8
491,409,512,Move,33081191,8
493,409,512,Move,33081199,8
496,409,512,Move,33081215,8
497,410,512,Move,33081231,8
499,410,512,Move,33081239,8
500,410,512,Move,33081263,8
500,410,522,Unknown(522),33081583,8
500,410,512,Move,33081602,8
500,410,512,Move,33081602,8
500,410,512,Move,33081604,8
500,410,512,Move,33081614,8
500,410,522,Unknown(522),33081615,8
500,410,522,Unknown(522),33081642,8
500,410,512,Move,33081645,8
500,410,512,Move,33081658,8
500,410,512,Move,33081658,8
500,410,512,Move,33081660,8
500,410,512,Move,33081661,8
500,410,512,Move,33081662,8
500,410,522,Unknown(522),33081679,8
500,410,512,Move,33081699,8
500,410,512,Move,33081700,8
500,410,512,Move,33081702,8
500,410,512,Move,33081711,8
500,410,512,Move,33081711,8
500,410,512,Move,33081713,8
500,410,512,Move,33081713,8
500,410,512,Move,33081715,8
500,410,512,Move,33081715,8
500,410,512,Move,33081716,8
500,410,512,Move,33081722,8
500,410,512,Move,33081734,8
500,410,512,Move,33081756,8
500,410,512,Move,33081757,8
500,410,512,Move,33081758,8
500,410,522,Unknown(522),33082679,8
500,410,512,Move,33082692,8
500,410,512,Move,33082704,8
500,410,512,Move,33082705,8
500,410,512,Move,33082706,8
500,410,522,Unknown(522),33082719,8
500,410,512,Move,33082744,8
500,410,512,Move,33082744,8
500,410,512,Move,33082746,8
500,410,512,Move,33082756,8
500,410,512,Move,33082756,8
500,410,512,Move,33082757,8
500,410,512,Move,33082758,8
500,410,512,Move,33082759,8
500,410,522,Unknown(522),33082783,8
500,410,512,Move,33082796,8
500,410,512,Move,33082796,8
500,410,512,Move,33082798,8
500,410,512,Move,33082798,8
500,410,512,Move,33082799,8
500,410,512,Move,33082818,8
500,410,512,Move,33082819,8
500,410,512,Move,33082821,8
500,410,512,Move,33082821,8
500,410,512,Move,33082822,8
500,410,512,Move,33082830,8
500,410,512,Move,33082842,8
500,410,512,Move,33082864,8
500,410,512,Move,33082865,8
500,410,512,Move,33082866,8
499,411,512,Move,33085207,8
498,413,512,Move,33085215,8
501,407,512,Move,33085223,8
507,402,512,Move,33085231,8
513,396,512,Move,33085239,8
517,392,512,Move,33085247,8
525,388,512,Move,33085255,8
529,383,512,Move,33085263,8
535,380,512,Move,33085271,8
539,377,512,Move,33085279,8
542,375,512,Move,33085287,8
545,372,512,Move,33085295,8
548,370,512,Move,33085303,8
552,367,512,Move,33085311,8
554,365,512,Move,33085319,8
557,363,512,Move,33085327,8
562,359,512,Move,33085348,8
564,357,512,Move,33085351,8
566,354,512,Move,33085359,8
568,350,512,Move,33085367,8
570,347,512,Move,33085375,8
575,343,512,Move,33085396,8
577,340,512,Move,33085399,8
580,337,512,Move,33085407,8
583,335,512,Move,33085415,8
586,332,512,Move,33085423,8
588,331,512,Move,33085431,8
588,330,512,Move,33085439,8
590,329,512,Move,33085447,8
591,327,512,Move,33085455,8
593,326,512,Move,33085463,8
593,325,512,Move,33085471,8
594,323,512,Move,33085479,8
594,322,512,Move,33085487,8
594,321,512,Move,33085495,8
595,320,512,Move,33085519,8
595,319,512,Move,33085527,8
595,318,512,Move,33085535,8
595,316,512,Move,33085551,8
595,315,512,Move,33085559,8
595,314,512,Move,33085575,8
595,313,512,Move,33085583,8
595,312,512,Move,33085591,8
595,311,512,Move,33085599,8
595,309,512,Move,33085607,8
595,308,512,Move,33085623,8
595,307,512,Move,33085631,8
595,306,512,Move,33085639,8
595,305,512,Move,33085647,8
595,304,512,Move,33085655,8
595,303,512,Move,33085663,8
595,302,512,Move,33085671,8
595,301,512,Move,33085679,8
594,300,512,Move,33085687,8
594,298,512,Move,33085695,8
593,298,512,Move,33085703,8
592,297,512,Move,33085711,8
592,296,512,Move,33085719,8
591,295,512,Move,33085727,8
591,293,512,Move,33085735,8
590,293,512,Move,33085743,8
589,292,512,Move,33085751,8
589,290,512,Move,33085759,8
588,289,512,Move,33085767,8
587,288,512,Move,33085775,8
587,287,512,Move,33085783,8
585,286,512,Move,33085791,8
585,284,512,Move,33085799,8
584,283,512,Move,33085807,8
584,282,512,Move,33085815,8
583,280,512,Move,33085823,8
583,279,512,Move,33085831,8
582,278,512,Move,33085839,8
581,277,512,Move,33085847,8
581,276,512,Move,33085855,8
580,275,512,Move,33085863,8
580,274,512,Move,33085871,8
579,273,512,Move,33085892,8
579,272,512,Move,33085895,8
579,271,512,Move,33085903,8
578,271,512,Move,33085911,8
578,270,512,Move,33085927,8
577,269,512,Move,33085935,8
577,269,516,Pressed,33087007,8
577,269,517,Released,33087119,8
577,269,512,Move,33087141,8
577,269,512,Move,33087143,8
577,272,512,Move,33087367,8
581,276,512,Move,33087375,8
587,286,512,Move,33087397,8
591,291,512,Move,33087399,8
594,295,512,Move,33087407,8
599,299,512,Move,33087415,8
601,304,512,Move,33087423,8
603,306,512,Move,33087431,8
605,309,512,Move,33087439,8
606,311,512,Move,33087447,8
607,312,512,Move,33087455,8
608,312,512,Move,33087463,8
608,313,512,Move,33087471,8
608,312,512,Move,33087791,8
608,311,512,Move,33087799,8
608,310,512,Move,33087807,8
608,309,512,Move,33087823,8
608,308,512,Move,33087831,8
608,307,512,Move,33087847,8
608,306,512,Move,33087855,8
608,305,512,Move,33087863,8
608,305,513,Pressed,33087959,8
608,305,514,Released,33088047,8
608,305,512,Move,33088100,8
607,305,512,Move,33088159,8
607,306,512,Move,33088183,8
607,307,512,Move,33088191,8
607,308,512,Move,33088223,8
607,309,512,Move,33088231,8
607,310,512,Move,33088255,8
607,311,512,Move,33088263,8
607,312,512,Move,33088271,8
607,313,512,Move,33088295,8
607,314,512,Move,33088303,8
607,315,512,Move,33088311,8
607,317,512,Move,33088319,8
607,318,512,Move,33088327,8
607,321,512,Move,33088335,8
607,323,512,Move,33088349,8
607,324,512,Move,33088351,8
607,327,512,Move,33088359,8
607,330,512,Move,33088367,8
607,332,512,Move,33088375,8
607,334,512,Move,33088383,8
607,338,512,Move,33088391,8
607,341,512,Move,33088399,8
607,343,512,Move,33088407,8
608,347,512,Move,33088415,8
608,350,512,Move,33088423,8
608,357,512,Move,33088445,8
608,362,512,Move,33088447,8
608,367,512,Move,33088455,8
607,374,512,Move,33088478,8
606,377,512,Move,33088480,8
606,380,512,Move,33088487,8
605,383,512,Move,33088496,8
604,386,512,Move,33088503,8
604,390,512,Move,33088511,8
603,392,512,Move,33088519,8
603,395,512,Move,33088527,8
602,397,512,Move,33088535,8
602,399,512,Move,33088543,8
602,400,512,Move,33088551,8
602,402,512,Move,33088559,8
601,403,512,Move,33088567,8
601,404,512,Move,33088575,8
601,405,512,Move,33088583,8
601,406,512,Move,33088591,8
601,407,512,Move,33088631,8
601,407,522,Unknown(522),33089447,8
601,407,512,Move,33089459,8
601,407,512,Move,33089487,8
601,407,512,Move,33089489,8
601,407,512,Move,33089492,8
601,407,512,Move,33089504,8
601,407,512,Move,33089509,8
601,407,512,Move,33089519,8
601,407,512,Move,33089530,8
601,407,512,Move,33089541,8
601,407,522,Unknown(522),33089543,8
601,407,512,Move,33089549,8
601,407,512,Move,33089559,8
601,407,512,Move,33089569,8
601,407,512,Move,33089578,8
601,407,512,Move,33089589,8
601,407,512,Move,33089599,8
601,407,512,Move,33089607,8
601,407,512,Move,33089617,8
601,407,512,Move,33089629,8
601,407,512,Move,33089638,8
601,407,522,Unknown(522),33091095,8
601,407,512,Move,33091100,8
601,407,512,Move,33091109,8
601,407,512,Move,33091119,8
601,407,512,Move,33091131,8
601,407,512,Move,33091141,8
601,407,512,Move,33091151,8
601,407,512,Move,33091161,8
601,407,512,Move,33091197,8
601,407,512,Move,33091221,8
601,407,512,Move,33091223,8
601,407,522,Unknown(522),33092815,8
601,407,512,Move,33092824,8
601,407,512,Move,33092847,8
601,407,512,Move,33092850,8
601,407,512,Move,33092856,8
601,407,512,Move,33092865,8
601,407,512,Move,33092877,8
601,407,512,Move,33092887,8
601,407,512,Move,33092897,8
601,407,512,Move,33092906,8
601,407,512,Move,33092917,8
601,407,522,Unknown(522),33093271,8
601,407,512,Move,33093282,8
601,407,512,Move,33093293,8
601,407,522,Unknown(522),33093303,8
601,407,512,Move,33093304,8
601,407,512,Move,33093314,8
601,407,512,Move,33093322,8
601,407,522,Unknown(522),33093346,8
601,407,512,Move,33093348,8
601,407,512,Move,33093373,8
601,407,512,Move,33093375,8
601,407,512,Move,33093378,8
601,407,512,Move,33093380,8
601,407,512,Move,33093382,8
601,407,512,Move,33093388,8
601,407,512,Move,33093398,8
601,407,512,Move,33093407,8
601,407,512,Move,33093432,8
601,407,522,Unknown(522),33095351,8
601,407,512,Move,33095362,8
601,407,512,Move,33095373,8
601,407,512,Move,33095385,8
601,407,512,Move,33095395,8
601,407,522,Unknown(522),33095399,8
601,407,512,Move,33095405,8
601,407,512,Move,33095414,8
601,407,512,Move,33095424,8
601,407,512,Move,33095434,8
601,407,512,Move,33095443,8
601,407,512,Move,33095452,8
601,407,512,Move,33095463,8
601,407,512,Move,33095473,8
601,407,522,Unknown(522),33095479,8
601,407,512,Move,33095483,8
601,407,512,Move,33095492,8
601,407,512,Move,33095503,8
601,407,512,Move,33095513,8
601,407,512,Move,33095536,8
601,407,512,Move,33095538,8
601,407,512,Move,33095563,8
601,407,512,Move,33095566,8
601,407,512,Move,33095568,8
601,407,512,Move,33095571,8
601,407,522,Unknown(522),33096343,8
601,407,512,Move,33096353,8
601,407,512,Move,33096362,8
601,407,512,Move,33096373,8
601,407,522,Unknown(522),33096383,8
601,407,512,Move,33096384,8
601,407,512,Move,33096394,8
601,407,512,Move,33096403,8
601,407,512,Move,33096413,8
601,407,512,Move,33096424,8
601,407,512,Move,33096434,8
601,407,522,Unknown(522),33096439,8
601,407,512,Move,33096445,8
601,407,512,Move,33096477,8
601,407,512,Move,33096478,8
601,407,512,Move,33096478,8
601,407,512,Move,33096480,8
601,407,512,Move,33096481,8
601,407,512,Move,33096483,8
601,407,512,Move,33096483,8
601,407,512,Move,33096488,8
601,407,512,Move,33096489,8
601,407,512,Move,33096491,8
601,407,512,Move,33096500,8
601,407,512,Move,33096522,8
601,407,512,Move,33096522,8
601,407,512,Move,33096524,8
601,407,512,Move,33096533,8
601,407,512,Move,33096534,8
601,407,512,Move,33096535,8
601,407,512,Move,33096636,8
601,407,512,Move,33096650,8
601,407,512,Move,33096682,8
601,407,512,Move,33096713,8
601,407,512,Move,33096751,8
601,407,512,Move,33096784,8
601,407,512,Move,33097151,8
601,407,512,Move,33097245,8
601,407,512,Move,33097404,8
601,407,522,Unknown(522),33097639,8
601,407,512,Move,33097659,8
601,407,512,Move,33097664,8
601,407,512,Move,33097670,8
601,407,512,Move,33097671,8
601,407,512,Move,33097673,8
601,407,522,Unknown(522),33097679,8
601,407,512,Move,33097692,8
601,407,512,Move,33097693,8
601,407,512,Move,33097695,8
601,407,512,Move,33097704,8
601,407,512,Move,33097728,8
601,407,512,Move,33097729,8
601,407,512,Move,33097729,8
601,407,512,Move,33097731,8
601,407,512,Move,33097741,8
601,407,512,Move,33097741,8
601,407,512,Move,33097744,8
601,407,512,Move,33097751,8
601,407,512,Move,33097766,8
601,407,512,Move,33097766,8
601,407,512,Move,33097768,8
601,407,522,Unknown(522),33099647,8
601,407,512,Move,33099661,8
601,407,512,Move,33099662,8
601,407,512,Move,33099663,8
601,407,512,Move,33099673,8
601,407,522,Unknown(522),33099713,8
601,407,512,Move,33099715,8
601,407,512,Move,33099715,8
601,407,512,Move,33099717,8
601,407,512,Move,33099726,8
601,407,512,Move,33099727,8
601,407,512,Move,33099728,8
601,407,512,Move,33099729,8
601,407,512,Move,33099731,8
601,407,512,Move,33099734,8
601,407,512,Move,33099756,8
601,407,512,Move,33099757,8
601,407,512,Move,33099758,8
601,407,512,Move,33099768,8
601,407,512,Move,33099789,8
601,407,512,Move,33099789,8
601,407,522,Unknown(522),33101519,8
601,407,512,Move,33101535,8
601,407,512,Move,33101536,8
601,407,512,Move,33101537,8
601,407,512,Move,33101547,8
601,407,512,Move,33101569,8
601,407,512,Move,33101570,8
601,407,512,Move,33101572,8
601,407,512,Move,33101581,8
601,407,512,Move,33101582,8
601,407,512,Move,33101583,8
601,407,522,Unknown(522),33101591,8
601,407,512,Move,33101637,8
601,407,512,Move,33101638,8
601,407,512,Move,33101640,8
601,407,512,Move,33101641,8
601,407,512,Move,33101642,8
601,407,512,Move,33101643,8
601,407,512,Move,33101644,8
601,407,512,Move,33101645,8
601,407,512,Move,33101647,8
601,407,512,Move,33101649,8
601,407,512,Move,33101661,8
601,407,522,Unknown(522),33101671,8
601,407,512,Move,33101673,8
601,407,512,Move,33101695,8
601,407,512,Move,33101695,8
601,407,512,Move,33101696,8
601,407,512,Move,33101702,8
601,407,512,Move,33101724,8
601,407,512,Move,33101724,8
601,407,512,Move,33101726,8
601,407,512,Move,33101739,8
601,407,512,Move,33101739,8
601,407,512,Move,33101742,8
601,407,522,Unknown(522),33101743,8
601,407,512,Move,33101756,8
601,407,512,Move,33101767,8
601,407,512,Move,33101790,8
601,407,512,Move,33101790,8
601,407,512,Move,33101792,8
601,407,512,Move,33101801,8
601,407,512,Move,33101802,8
601,407,512,Move,33101803,8
601,407,512,Move,33101816,8
601,407,512,Move,33101828,8
601,407,512,Move,33101849,8
601,407,512,Move,33101850,8
601,407,512,Move,33101851,8
601,407,512,Move,33101851,8
601,407,522,Unknown(522),33104455,8
601,407,512,Move,33104469,8
601,407,512,Move,33104469,8
601,407,512,Move,33104472,8
601,407,512,Move,33104491,8
601,407,512,Move,33104492,8
601,407,512,Move,33104493,8
601,407,512,Move,33104503,8
601,407,522,Unknown(522),33104511,8
601,407,512,Move,33104515,8
601,407,512,Move,33104537,8
601,407,512,Move,33104537,8
601,407,512,Move,33104539,8
601,407,512,Move,33104546,8
601,407,512,Move,33104568,8
601,407,512,Move,33104568,8
601,407,512,Move,33104570,8
601,407,512,Move,33104580,8
601,407,522,Unknown(522),33104583,8
601,407,512,Move,33104601,8
601,407,512,Move,33104602,8
601,407,512,Move,33104603,8
601,407,512,Move,33104613,8
601,407,512,Move,33104613,8
601,407,512,Move,33104616,8
601,407,512,Move,33104646,8
601,407,512,Move,33104646,8
601,407,512,Move,33104648,8
601,407,512,Move,33104648,8
601,407,512,Move,33104649,8
601,407,512,Move,33104661,8
601,407,512,Move,33104712,8
601,407,512,Move,33104724,8
601,407,512,Move,33104724,8
601,407,522,Unknown(522),33105431,8
601,407,512,Move,33105445,8
601,407,512,Move,33105445,8
601,407,512,Move,33105447,8
601,407,512,Move,33105456,8
601,407,522,Unknown(522),33105471,8
601,407,512,Move,33105478,8
601,407,512,Move,33105478,8
601,407,512,Move,33105480,8
601,407,512,Move,33105490,8
601,407,512,Move,33105502,8
601,407,522,Unknown(522),33105503,8
601,407,512,Move,33105524,8
601,407,512,Move,33105524,8
601,407,512,Move,33105526,8
601,407,512,Move,33105531,8
601,407,512,Move,33105554,8
601,407,512,Move,33105554,8
601,407,512,Move,33105556,8
601,407,512,Move,33105565,8
601,407,512,Move,33105587,8
601,407,512,Move,33105587,8
601,407,512,Move,33105590,8
601,407,512,Move,33105590,8
601,407,512,Move,33105592,8
601,407,512,Move,33105609,8
601,407,512,Move,33105609,8
601,407,522,Unknown(522),33106879,8
601,407,512,Move,33106895,8
601,407,512,Move,33106895,8
601,407,512,Move,33106897,8
601,407,512,Move,33106906,8
601,407,522,Unknown(522),33106919,8
601,407,512,Move,33106928,8
601,407,512,Move,33106928,8
601,407,512,Move,33106930,8
601,407,522,Unknown(522),33106957,8
601,407,512,Move,33106959,8
601,407,512,Move,33106970,8
601,407,512,Move,33106971,8
601,407,512,Move,33106973,8
601,407,512,Move,33106973,8
601,407,512,Move,33106975,8
601,407,512,Move,33106993,8
601,407,512,Move,33106993,8
601,407,512,Move,33106995,8
601,407,522,Unknown(522),33106999,8
601,407,512,Move,33107004,8
601,407,512,Move,33107005,8
601,407,512,Move,33107006,8
601,407,512,Move,33107017,8
601,407,512,Move,33107058,8
601,407,512,Move,33107059,8
601,407,512,Move,33107060,8
601,407,512,Move,33107065,8
601,407,512,Move,33107066,8
601,407,512,Move,33107067,8
601,407,512,Move,33107068,8
601,407,512,Move,33107071,8
601,407,512,Move,33107107,8
601,407,512,Move,33107107,8
601,407,512,Move,33107108,8
600,409,512,Move,33108199,8
600,411,512,Move,33108207,8
600,419,512,Move,33108215,8
600,425,512,Move,33108223,8
600,435,512,Move,33108231,8
600,444,512,Move,33108239,8
600,459,512,Move,33108261,8
600,478,512,Move,33108285,8
600,482,512,Move,33108287,8
599,484,512,Move,33108295,8
598,487,512,Move,33108303,8
598,489,512,Move,33108311,8
596,490,512,Move,33108319,8
595,491,512,Move,33108327,8
593,492,512,Move,33108335,8
594,492,512,Move,33108655,8
594,494,512,Move,33108671,8
594,495,512,Move,33108695,8
594,497,512,Move,33108703,8
594,498,512,Move,33108711,8
594,501,512,Move,33108719,8
594,505,512,Move,33108727,8
594,509,512,Move,33108735,8
595,512,512,Move,33108743,8
596,516,512,Move,33108751,8
597,522,512,Move,33108759,8
599,527,512,Move,33108767,8
600,533,512,Move,33108775,8
602,537,512,Move,33108783,8
603,541,512,Move,33108791,8
605,545,512,Move,33108799,8
606,546,512,Move,33108807,8
607,549,512,Move,33108815,8
607,552,512,Move,33108823,8
607,553,512,Move,33108831,8
607,555,512,Move,33108839,8
607,557,512,Move,33108847,8
607,558,512,Move,33108855,8
607,559,512,Move,33108863,8
607,561,512,Move,33108871,8
607,562,512,Move,33108887,8
607,563,512,Move,33108895,8
607,564,512,Move,33108903,8
607,565,512,Move,33108911,8
607,566,512,Move,33108919,8
607,567,512,Move,33108935,8
607,568,512,Move,33108960,8
607,569,512,Move,33109023,8
607,570,512,Move,33109039,8
607,571,512,Move,33109055,8
606,571,512,Move,33109063,8
606,572,512,Move,33109071,8
605,573,512,Move,33109079,8
605,574,512,Move,33109103,8
605,574,513,Pressed,33109951,8
605,574,514,Released,33110055,8
605,574,512,Move,33110063,8
605,571,512,Move,33113151,8
603,567,512,Move,33113159,8
604,567,512,Move,33113167,8
600,561,512,Move,33113175,8
592,548,512,Move,33113195,8
587,539,512,Move,33113199,8
580,529,512,Move,33113207,8
573,517,512,Move,33113215,8
565,505,512,Move,33113227,8
555,491,512,Move,33113231,8
545,477,512,Move,33113239,8
534,456,512,Move,33113247,8
511,421,512,Move,33113267,8
486,389,512,Move,33113288,8
480,381,512,Move,33113295,8
473,372,512,Move,33113303,8
469,366,512,Move,33113311,8
465,362,512,Move,33113323,8
461,358,512,Move,33113327,8
453,353,512,Move,33113335,8
448,351,512,Move,33113343,8
452,351,512,Move,33113575,8
454,352,512,Move,33113583,8
457,353,512,Move,33113591,8
459,352,512,Move,33113599,8
459,350,512,Move,33113607,8
459,348,512,Move,33113615,8
459,346,512,Move,33113623,8
454,336,512,Move,33113643,8
448,321,512,Move,33113655,8
439,297,512,Move,33113677,8
433,283,512,Move,33113680,8
426,270,512,Move,33113687,8
420,252,512,Move,33113695,8
415,237,512,Move,33113703,8
408,223,512,Move,33113711,8
403,211,512,Move,33113719,8
392,185,512,Move,33113739,8
382,164,512,Move,33113760,8
381,161,512,Move,33113773,8
379,156,512,Move,33113775,8
378,155,512,Move,33113783,8
377,152,512,Move,33113791,8
376,151,512,Move,33113799,8
376,150,512,Move,33113815,8
375,149,512,Move,33113823,8
375,148,512,Move,33113831,8
374,147,512,Move,33113847,8
374,146,512,Move,33113855,8
373,146,512,Move,33113867,8
372,145,512,Move,33113871,8
372,143,512,Move,33113879,8
371,143,512,Move,33113887,8
370,141,512,Move,33113895,8
370,139,512,Move,33113903,8
369,139,512,Move,33113911,8
369,138,512,Move,33113919,8
369,137,512,Move,33113927,8
368,137,512,Move,33113935,8
368,136,512,Move,33113943,8
368,135,512,Move,33113983,8
367,134,512,Move,33113999,8
366,134,512,Move,33114015,8
366,133,512,Move,33114023,8
366,132,512,Move,33114031,8
366,131,512,Move,33114039,8
365,131,512,Move,33114047,8
365,129,512,Move,33114058,8
365,128,512,Move,33114071,8
364,128,512,Move,33114079,8
364,127,512,Move,33114087,8
364,127,513,Pressed,33114143,8
364,127,512,Move,33114210,8
364,127,512,Move,33114210,8
364,127,514,Released,33114245,8
364,127,512,Move,33114275,8
364,128,512,Move,33114519,8
364,129,512,Move,33114527,8
366,131,512,Move,33114535,8
368,134,512,Move,33114543,8
371,138,512,Move,33114551,8
374,142,512,Move,33114559,8
378,148,512,Move,33114569,8
382,154,512,Move,33114575,8
387,162,512,Move,33114583,8
394,168,512,Move,33114591,8
400,179,512,Move,33114599,8
407,188,512,Move,33114607,8
415,199,512,Move,33114615,8
426,213,512,Move,33114623,8
436,227,512,Move,33114631,8
447,246,512,Move,33114639,8
461,266,512,Move,33114647,8
472,286,512,Move,33114655,8
487,310,512,Move,33114663,8
506,348,512,Move,33114687,8
530,390,512,Move,33114710,8
536,403,512,Move,33114713,8
541,415,512,Move,33114719,8
545,422,512,Move,33114727,8
547,429,512,Move,33114735,8
549,437,512,Move,33114743,8
553,442,512,Move,33114751,8
554,446,512,Move,33114759,8
555,452,512,Move,33114767,8
556,456,512,Move,33114775,8
556,459,512,Move,33114783,8
556,463,512,Move,33114791,8
556,466,512,Move,33114799,8
556,468,512,Move,33114807,8
556,470,512,Move,33114815,8
556,473,512,Move,33114823,8
556,474,512,Move,33114831,8
556,475,512,Move,33114839,8
556,476,512,Move,33114847,8
555,477,512,Move,33114855,8
554,477,512,Move,33114863,8
551,477,512,Move,33114871,8
548,476,512,Move,33114879,8
548,475,512,Move,33114887,8
549,475,512,Move,33115119,8
552,476,512,Move,33115127,8
557,478,512,Move,33115135,8
558,479,512,Move,33115143,8
559,480,512,Move,33115151,8
561,481,512,Move,33115159,8
561,482,512,Move,33115167,8
563,483,512,Move,33115175,8
566,485,512,Move,33115183,8
569,488,512,Move,33115191,8
570,491,512,Move,33115199,8
571,492,512,Move,33115207,8
572,494,512,Move,33115215,8
573,495,512,Move,33115223,8
573,496,512,Move,33115231,8
573,496,522,Unknown(522),33115391,8
573,496,522,Unknown(522),33115415,8
573,496,522,Unknown(522),33115416,8
573,496,512,Move,33115417,8
573,496,512,Move,33115420,8
573,496,512,Move,33115420,8
573,496,512,Move,33115424,8
573,496,512,Move,33115428,8
573,496,512,Move,33115429,8
573,496,522,Unknown(522),33115431,8
573,496,512,Move,33115441,8
573,496,522,Unknown(522),33115447,8
573,496,512,Move,33115454,8
573,496,522,Unknown(522),33115463,8
573,496,512,Move,33115478,8
573,496,512,Move,33115478,8
573,496,522,Unknown(522),33115479,8
573,496,512,Move,33115482,8
573,496,512,Move,33115482,8
573,496,512,Move,33115485,8
573,496,512,Move,33115509,8
573,496,512,Move,33115510,8
573,496,512,Move,33115512,8
573,496,512,Move,33115513,8
573,496,512,Move,33115515,8
573,496,512,Move,33115535,8
573,496,512,Move,33115535,8
573,496,512,Move,33115550,8
573,496,512,Move,33115550,8
573,496,512,Move,33115553,8
573,496,512,Move,33115563,8
573,496,512,Move,33115586,8
573,496,512,Move,33115586,8
572,496,512,Move,33115783,8
570,496,512,Move,33115791,8
567,496,512,Move,33115799,8
564,494,512,Move,33115807,8
562,492,512,Move,33115815,8
558,489,512,Move,33115823,8
553,486,512,Move,33115831,8
547,481,512,Move,33115839,8
543,476,512,Move,33115847,8
538,470,512,Move,33115855,8
533,463,512,Move,33115863,8
527,455,512,Move,33115871,8
523,446,512,Move,33115879,8
517,438,512,Move,33115887,8
512,431,512,Move,33115895,8
508,424,512,Move,33115903,8
504,416,512,Move,33115911,8
501,410,512,Move,33115919,8
498,405,512,Move,33115927,8
497,401,512,Move,33115935,8
495,395,512,Move,33115943,8
495,388,512,Move,33115951,8
495,383,512,Move,33115959,8
495,376,512,Move,33115967,8
495,370,512,Move,33115975,8
495,364,512,Move,33115983,8
496,359,512,Move,33115991,8
496,354,512,Move,33115999,8
497,348,512,Move,33116007,8
499,343,512,Move,33116015,8
500,339,512,Move,33116023,8
501,335,512,Move,33116031,8
502,331,512,Move,33116039,8
503,327,512,Move,33116047,8
504,324,512,Move,33116055,8
506,321,512,Move,33116063,8
506,317,512,Move,33116071,8
507,314,512,Move,33116079,8
508,310,512,Move,33116101,8
508,308,512,Move,33116103,8
508,307,512,Move,33116111,8
508,306,512,Move,33116119,8
508,305,512,Move,33116127,8
508,304,512,Move,33116143,8
508,303,512,Move,33116159,8
508,302,512,Move,33116167,8
507,302,512,Move,33117463,8
507,303,512,Move,33117487,8
507,303,516,Pressed,33117679,8
507,303,517,Released,33117791,8
507,303,512,Move,33117814,8
507,303,512,Move,33117816,8
507,304,512,Move,33118103,8
508,306,512,Move,33118111,8
512,310,512,Move,33118119,8
524,330,512,Move,33118145,8
534,353,512,Move,33118169,8
538,362,512,Move,33118175,8
542,371,512,Move,33118183,8
546,378,512,Move,33118191,8
548,387,512,Move,33118199,8
549,394,512,Move,33118207,8
550,401,512,Move,33118215,8
552,408,512,Move,33118223,8
552,413,512,Move,33118231,8
553,419,512,Move,33118239,8
554,423,512,Move,33118247,8
555,426,512,Move,33118255,8
555,430,512,Move,33118263,8
555,432,512,Move,33118271,8
555,436,512,Move,33118279,8
555,437,512,Move,33118287,8
555,439,512,Move,33118295,8
555,442,512,Move,33118303,8
555,443,512,Move,33118311,8
555,444,512,Move,33118319,8
555,445,512,Move,33118327,8
555,447,512,Move,33118335,8
555,448,512,Move,33118343,8
555,449,512,Move,33118351,8
555,450,512,Move,33118359,8
555,451,512,Move,33118367,8
555,452,512,Move,33118391,8
555,453,512,Move,33118399,8
555,454,512,Move,33118415,8
555,455,512,Move,33118423,8
555,455,513,Pressed,33118671,8
555,455,514,Released,33118784,8
555,455,512,Move,33118794,8
555,455,512,Move,33118796,8
555,455,512,Move,33118796,8
555,455,512,Move,33118797,8
555,455,512,Move,33118797,8
555,455,512,Move,33118798,8
555,455,512,Move,33118798,8
555,455,512,Move,33118799,8
555,455,512,Move,33118800,8
555,455,512,Move,33118800,8
555,455,512,Move,33118801,8
555,455,512,Move,33118801,8
555,455,512,Move,33118803,8
555,455,512,Move,33118803,8
555,455,512,Move,33118805,8
555,455,512,Move,33118805,8
555,455,512,Move,33118806,8
555,455,512,Move,33118806,8
555,455,512,Move,33118807,8
555,455,512,Move,33118807,8
555,455,512,Move,33118808,8
555,455,512,Move,33118808,8
555,455,512,Move,33118808,8
555,455,512,Move,33118809,8
555,455,512,Move,33118810,8
555,455,512,Move,33118859,8
555,455,512,Move,33118860,8
555,455,512,Move,33119017,8
555,455,512,Move,33119037,8
555,455,512,Move,33119038,8
555,455,512,Move,33119038,8
555,455,512,Move,33119039,8
555,455,512,Move,33119039,8
555,455,512,Move,33119041,8
555,455,512,Move,33119041,8
555,455,512,Move,33119043,8
555,455,512,Move,33119043,8
555,455,512,Move,33119044,8
555,455,512,Move,33119044,8
555,455,512,Move,33119045,8
555,455,512,Move,33119055,25
555,455,512,Move,33119056,25
555,456,512,Move,33119279,25
555,458,512,Move,33119287,25
557,460,512,Move,33119295,25
559,461,512,Move,33119303,25
560,463,512,Move,33119311,25
562,466,512,Move,33119319,25
563,469,512,Move,33119327,25
565,470,512,Move,33119335,25
568,473,512,Move,33119343,25
570,476,512,Move,33119351,25
571,479,512,Move,33119359,25
573,481,512,Move,33119367,25
574,482,512,Move,33119375,25
575,483,512,Move,33119383,25
575,484,512,Move,33119391,25
575,485,512,Move,33119447,25
575,486,512,Move,33119471,25
576,488,512,Move,33119479,25
576,490,512,Move,33119495,25
577,491,512,Move,33119503,25
577,492,512,Move,33119511,25
577,493,512,Move,33119519,25
577,494,512,Move,33119527,25
577,494,513,Pressed,33119735,25
577,494,514,Released,33119839,25
577,494,512,Move,33119867,8
577,496,512,Move,33119972,25
577,496,512,Move,33119973,25
578,496,512,Move,33120005,25
578,496,512,Move,33120005,25
579,496,512,Move,33120007,25
579,496,512,Move,33120008,25
580,496,512,Move,33120023,25
582,494,512,Move,33120031,25
583,493,512,Move,33120039,25
586,492,512,Move,33120047,25
589,490,512,Move,33120055,25
593,487,512,Move,33120063,25
599,482,512,Move,33120071,25
607,477,512,Move,33120080,25
607,477,512,Move,33120080,25
676,391,512,Move,33120143,25
684,377,512,Move,33120151,25
695,358,512,Move,33120159,25
705,336,512,Move,33120167,25
715,317,512,Move,33120175,25
724,301,512,Move,33120183,25
796,207,512,Move,33120268,25
810,191,160,Move,33120269,25
817,185,160,Move,33120271,25
823,180,160,Move,33120279,25
831,175,512,Move,33120287,25
837,170,512,Move,33120295,25
843,167,512,Move,33120303,25
849,163,512,Move,33120311,25
854,160,512,Move,33120319,25
859,158,512,Move,33120327,25
864,154,512,Move,33120335,25
869,151,512,Move,33120343,25
872,150,512,Move,33120351,25
874,147,512,Move,33120359,25
877,145,512,Move,33120367,25
880,144,512,Move,33120375,25
882,142,512,Move,33120383,25
885,140,512,Move,33120391,25
889,137,512,Move,33120399,25
893,133,512,Move,33120407,25
895,132,512,Move,33120415,25
898,130,512,Move,33120423,25
902,128,512,Move,33120431,25
903,126,512,Move,33120439,25
907,124,512,Move,33120447,25
910,121,512,Move,33120456,25
910,121,512,Move,33120456,25
914,120,512,Move,33120463,25
917,118,512,Move,33120471,25
921,116,512,Move,33120479,25
925,114,512,Move,33120487,25
928,113,512,Move,33120495,25
928,113,512,Move,33120496,25
931,111,512,Move,33120503,25
932,111,512,Move,33120511,25
934,109,512,Move,33120519,25
936,107,512,Move,33120527,25
937,106,512,Move,33120535,25
938,105,512,Move,33120543,25
939,104,512,Move,33120551,25
941,102,512,Move,33120559,25
942,101,512,Move,33120567,25
943,100,512,Move,33120575,25
944,98,512,Move,33120583,25
945,95,512,Move,33120591,25
946,95,512,Move,33120599,25
946,93,512,Move,33120607,25
948,91,512,Move,33120615,25
949,89,512,Move,33120623,25
950,88,512,Move,33120631,25
951,86,512,Move,33120639,25
953,83,512,Move,33120647,25
954,80,512,Move,33120655,25
955,79,512,Move,33120663,25
957,77,512,Move,33120671,25
959,75,512,Move,33120679,25
961,72,512,Move,33120687,25
962,71,512,Move,33120695,25
964,68,512,Move,33120703,25
965,65,512,Move,33120711,25
967,63,512,Move,33120719,25
969,61,512,Move,33120727,25
971,59,512,Move,33120735,25
973,57,512,Move,33120743,25
973,55,512,Move,33120751,25
974,53,512,Move,33120760,25
976,52,512,Move,33120767,25
978,50,512,Move,33120775,25
980,48,512,Move,33120783,25
980,47,512,Move,33120791,25
981,47,512,Move,33120799,25
982,46,512,Move,33120807,25
982,45,160,Move,33120816,25
982,44,160,Move,33120831,25
982,43,160,Move,33120927,25
982,42,160,Move,33120951,25
981,42,160,Move,33120967,25
981,41,160,Move,33120975,25
981,41,160,Move,33120976,25
980,40,160,Move,33120983,25
980,39,160,Move,33120991,25
979,38,160,Move,33120999,25
978,37,160,Move,33121007,25
978,37,160,Move,33121008,25
978,36,160,Move,33121015,25
977,36,160,Move,33121023,25
977,35,160,Move,33121031,25
976,34,160,Move,33121039,25
976,33,160,Move,33121055,25
975,33,160,Move,33121071,25
975,33,161,Pressed,33121199,25
975,33,514,Released,33121295,25
975,33,512,Move,33121317,8
972,39,512,Move,33121361,8
971,42,512,Move,33121368,8
970,44,512,Move,33121378,8
967,48,512,Move,33121384,8
965,51,512,Move,33121391,8
962,55,512,Move,33121399,8
959,58,512,Move,33121407,8
956,64,512,Move,33121415,8
952,68,512,Move,33121423,8
946,76,512,Move,33121431,8
942,82,512,Move,33121439,8
936,89,512,Move,33121447,8
931,95,512,Move,33121455,8
806,238,512,Move,33121557,8
793,251,512,Move,33121565,8
779,262,512,Move,33121568,8
766,275,512,Move,33121575,8
752,285,512,Move,33121583,8
738,293,512,Move,33121591,8
724,299,512,Move,33121599,8
710,306,512,Move,33121607,8
685,315,512,Move,33121629,8
673,319,512,Move,33121631,8
654,322,512,Move,33121654,8
647,323,512,Move,33121656,8
640,324,512,Move,33121663,8
633,325,512,Move,33121671,8
629,325,512,Move,33121679,8
619,325,512,Move,33121687,8
612,325,512,Move,33121695,8
609,324,512,Move,33121703,8
605,324,512,Move,33121711,8
600,322,512,Move,33121719,8
595,321,512,Move,33121727,8
590,321,512,Move,33121735,8
580,321,512,Move,33121743,8
570,321,512,Move,33121751,8
559,321,512,Move,33121759,8
551,321,512,Move,33121767,8
544,321,512,Move,33121775,8
539,318,512,Move,33121783,8
536,316,512,Move,33121791,8
536,315,512,Move,33122087,8
534,315,512,Move,33122095,8
527,313,512,Move,33122103,8
520,310,512,Move,33122111,8
509,304,512,Move,33122119,8
501,301,512,Move,33122127,8
495,297,512,Move,33122135,8
478,290,512,Move,33122157,8
468,286,512,Move,33122161,8
430,269,512,Move,33122185,8
384,246,512,Move,33122209,8
373,241,512,Move,33122215,8
355,232,512,Move,33122223,8
336,222,512,Move,33122231,8
317,213,512,Move,33122239,8
297,203,512,Move,33122247,8
283,195,512,Move,33122255,8
270,186,512,Move,33122263,8
256,181,512,Move,33122271,8
245,176,512,Move,33122279,8
237,169,512,Move,33122287,8
231,164,512,Move,33122295,8
227,161,512,Move,33122303,8
223,158,512,Move,33122311,8
218,155,512,Move,33122319,8
214,151,512,Move,33122327,8
211,148,512,Move,33122335,8
207,145,512,Move,33122343,8
205,142,512,Move,33122351,8
202,141,512,Move,33122359,8
199,139,512,Move,33122367,8
199,138,512,Move,33122375,8
196,136,512,Move,33122383,8
195,136,512,Move,33122391,8
195,135,512,Move,33122399,8
194,134,512,Move,33122407,8
193,133,512,Move,33122415,8
193,132,512,Move,33122431,8
192,131,512,Move,33122439,8
191,131,512,Move,33122447,8
191,130,512,Move,33122455,8
190,129,512,Move,33122463,8
189,128,512,Move,33122471,8
188,128,512,Move,33122511,8
188,128,512,Move,33123020,8
189,128,512,Move,33123111,8
192,128,512,Move,33123119,8
199,128,512,Move,33123127,8
209,128,512,Move,33123135,8
222,128,512,Move,33123143,8
237,128,512,Move,33123151,8
237,128,512,Move,33123156,8
253,128,512,Move,33123159,8
270,128,512,Move,33123167,8
290,128,512,Move,33123175,8
311,128,512,Move,33123183,8
331,128,512,Move,33123191,8
348,128,512,Move,33123199,8
361,128,512,Move,33123207,8
373,128,512,Move,33123215,8
381,128,512,Move,33123223,8
388,128,512,Move,33123231,8
393,128,512,Move,33123239,8
398,128,512,Move,33123247,8
402,128,512,Move,33123255,8
406,127,512,Move,33123263,8
410,126,512,Move,33123271,8
412,125,512,Move,33123279,8
414,125,512,Move,33123287,8
416,125,512,Move,33123295,8
417,125,512,Move,33123303,8
419,124,512,Move,33123311,8
421,124,512,Move,33123319,8
423,124,512,Move,33123327,8
428,124,512,Move,33123335,8
432,124,512,Move,33123343,8
436,124,512,Move,33123351,8
441,124,512,Move,33123359,8
446,125,512,Move,33123367,8
450,125,512,Move,33123375,8
454,125,512,Move,33123383,8
458,126,512,Move,33123391,8
460,126,512,Move,33123399,8
461,126,512,Move,33123407,8
462,126,512,Move,33123415,8
463,126,512,Move,33123551,8
464,126,512,Move,33123559,8
466,126,512,Move,33123576,8
469,126,512,Move,33123583,8
471,126,512,Move,33123591,8
475,126,512,Move,33123599,8
478,126,512,Move,33123607,8
482,126,512,Move,33123615,8
484,126,512,Move,33123623,8
487,126,512,Move,33123631,8
488,126,512,Move,33123639,8
490,126,512,Move,33123647,8
491,126,512,Move,33123655,8
491,126,512,Move,33124173,8
491,126,513,Pressed,33125271,8
491,126,512,Move,33125285,8
491,126,514,Released,33125367,8
491,126,512,Move,33125470,8
489,126,512,Move,33125567,8
487,126,512,Move,33125575,8
486,128,512,Move,33125583,8
484,131,512,Move,33125591,8
482,132,512,Move,33125599,8
480,134,512,Move,33125610,8
478,134,512,Move,33125615,8
478,136,512,Move,33125623,8
476,137,512,Move,33125631,8
475,138,512,Move,33125639,8
474,138,512,Move,33125647,8
473,140,512,Move,33125655,8
471,142,512,Move,33125663,8
469,144,512,Move,33125671,8
467,146,512,Move,33125679,8
464,149,512,Move,33125687,8
463,152,512,Move,33125698,8
460,155,512,Move,33125703,8
457,158,512,Move,33125711,8
454,162,512,Move,33125719,8
449,167,512,Move,33125727,8
446,169,512,Move,33125735,8
444,174,512,Move,33125743,8
441,178,512,Move,33125751,8
438,182,512,Move,33125759,8
435,188,512,Move,33125767,8
433,192,512,Move,33125775,8
431,198,512,Move,33125785,8
429,202,512,Move,33125791,8
428,207,512,Move,33125799,8
422,220,512,Move,33125818,8
416,235,512,Move,33125838,8
413,242,512,Move,33125840,8
410,249,512,Move,33125847,8
409,255,512,Move,33125855,8
405,262,512,Move,33125863,8
404,271,512,Move,33125874,8
402,279,512,Move,33125879,8
400,287,512,Move,33125887,8
400,293,512,Move,33125895,8
398,300,512,Move,33125903,8
397,306,512,Move,33125911,8
396,311,512,Move,33125919,8
395,317,512,Move,33125927,8
394,322,512,Move,33125935,8
393,326,512,Move,33125943,8
393,329,512,Move,33125951,8
392,331,512,Move,33125962,8
391,336,512,Move,33125981,8
391,338,512,Move,33125983,8
391,340,512,Move,33125991,8
390,342,512,Move,33125999,8
389,343,512,Move,33126007,8
389,344,512,Move,33126015,8
389,343,512,Move,33126655,8
389,342,512,Move,33126663,8
389,341,512,Move,33126673,8
389,340,512,Move,33126679,8
389,339,512,Move,33126695,8
389,338,512,Move,33126703,8
389,337,512,Move,33126711,8
389,336,512,Move,33126727,8
389,335,512,Move,33126735,8
389,334,512,Move,33126751,8
389,333,512,Move,33126767,8
389,332,512,Move,33126777,8
389,331,512,Move,33126807,8
389,330,512,Move,33126831,8
389,329,512,Move,33126872,8
389,329,522,Unknown(522),33127351,8
389,329,512,Move,33127363,8
389,329,512,Move,33127374,8
389,329,512,Move,33127375,8
389,329,522,Unknown(522),33127375,8
389,329,512,Move,33127397,8
389,329,512,Move,33127398,8
389,329,512,Move,33127400,8
389,329,512,Move,33127400,8
389,329,522,Unknown(522),33127443,8
389,329,512,Move,33127457,8
389,329,512,Move,33127457,8
389,329,512,Move,33127459,8
389,329,512,Move,33127459,8
389,329,512,Move,33127461,8
389,329,512,Move,33127461,8
389,329,512,Move,33127463,8
389,329,512,Move,33127463,8
389,329,512,Move,33127465,8
389,329,512,Move,33127465,8
389,329,512,Move,33127467,8
389,329,512,Move,33127492,8
389,329,512,Move,33127493,8
389,329,512,Move,33127494,8
389,329,512,Move,33127495,8
389,329,512,Move,33127507,8
389,329,512,Move,33127507,8
389,329,512,Move,33127509,8
389,329,522,Unknown(522),33127783,8
389,329,512,Move,33127798,8
389,329,512,Move,33127798,8
389,329,522,Unknown(522),33127799,8
389,329,512,Move,33127802,8
389,329,522,Unknown(522),33127807,8
389,329,522,Unknown(522),33127829,8
389,329,522,Unknown(522),33127847,8
389,329,522,Unknown(522),33127847,8
389,329,512,Move,33127848,8
389,329,512,Move,33127850,8
389,329,512,Move,33127859,8
389,329,512,Move,33127859,8
389,329,512,Move,33127861,8
389,329,512,Move,33127861,8
389,329,512,Move,33127863,8
389,329,512,Move,33127863,8
389,329,512,Move,33127865,8
389,329,512,Move,33127881,8
389,329,512,Move,33127882,8
389,329,512,Move,33127883,8
389,329,512,Move,33127893,8
389,329,512,Move,33127914,8
389,329,512,Move,33127914,8
389,329,512,Move,33127916,8
389,329,512,Move,33127916,8
389,329,522,Unknown(522),33128119,8
389,329,522,Unknown(522),33128140,8
389,329,512,Move,33128142,8
389,329,522,Unknown(522),33128143,8
389,329,522,Unknown(522),33128159,8
389,329,512,Move,33128163,8
389,329,512,Move,33128163,8
389,329,512,Move,33128165,8
389,329,512,Move,33128165,8
389,329,512,Move,33128167,8
389,329,512,Move,33128167,8
389,329,512,Move,33128169,8
389,329,522,Unknown(522),33128183,8
389,329,512,Move,33128195,8
389,329,512,Move,33128196,8
389,329,512,Move,33128197,8
389,329,512,Move,33128198,8
389,329,512,Move,33128199,8
389,329,512,Move,33128234,8
389,329,512,Move,33128235,8
389,329,512,Move,33128237,8
389,329,512,Move,33128257,8
389,329,512,Move,33128257,8
389,329,512,Move,33128285,8
389,329,512,Move,33128286,8
389,329,512,Move,33128288,8
389,329,512,Move,33128288,8
389,329,512,Move,33128290,8
389,329,512,Move,33128297,8
389,329,512,Move,33128297,8
389,329,522,Unknown(522),33128439,8
389,329,522,Unknown(522),33128447,8
389,329,512,Move,33128454,8
389,329,512,Move,33128455,8
389,329,512,Move,33128457,8
389,329,522,Unknown(522),33128463,8
389,329,522,Unknown(522),33128471,8
389,329,522,Unknown(522),33128501,8
389,329,522,Unknown(522),33128503,8
389,329,512,Move,33128505,8
389,329,512,Move,33128506,8
389,329,512,Move,33128507,8
389,329,512,Move,33128517,8
389,329,512,Move,33128518,8
389,329,512,Move,33128520,8
389,329,512,Move,33128520,8
389,329,512,Move,33128522,8
389,329,512,Move,33128522,8
389,329,512,Move,33128523,8
389,328,512,Move,33128570,8
389,328,512,Move,33128574,8
389,328,512,Move,33128575,8
389,327,512,Move,33128575,8
389,327,512,Move,33128596,8
389,327,512,Move,33128610,8
389,327,512,Move,33128610,8
389,327,512,Move,33128621,8
389,327,512,Move,33128621,8
389,327,522,Unknown(522),33128751,8
389,327,522,Unknown(522),33128759,8
389,327,512,Move,33128773,8
389,327,512,Move,33128774,8
389,327,522,Unknown(522),33128775,8
389,327,522,Unknown(522),33128776,8
389,327,512,Move,33128777,8
389,327,512,Move,33128778,8
389,327,522,Unknown(522),33128783,8
389,327,512,Move,33128785,8
389,327,522,Unknown(522),33128791,8
389,327,512,Move,33128814,8
389,327,522,Unknown(522),33128815,8
389,327,512,Move,33128837,8
389,327,512,Move,33128838,8
389,326,512,Move,33128839,8
389,326,512,Move,33128840,8
389,323,512,Move,33128859,8
389,323,512,Move,33128861,8
389,322,512,Move,33128863,8
389,322,512,Move,33128885,8
389,322,512,Move,33128885,8
389,322,512,Move,33128887,8
389,322,512,Move,33128887,8
389,322,512,Move,33128889,8
389,322,512,Move,33128889,8
389,322,512,Move,33128891,8
389,322,512,Move,33128931,8
389,322,512,Move,33128931,8
389,322,512,Move,33128933,8
389,322,512,Move,33128933,8
389,322,512,Move,33128934,8
389,322,512,Move,33128935,8
389,322,522,Unknown(522),33129047,8
389,322,522,Unknown(522),33129055,8
389,322,512,Move,33129069,8
389,322,512,Move,33129070,8
389,322,522,Unknown(522),33129071,8
389,322,522,Unknown(522),33129072,8
389,322,512,Move,33129073,8
389,322,512,Move,33129074,8
389,322,522,Unknown(522),33129079,8
389,322,512,Move,33129081,8
389,322,512,Move,33129093,8
389,322,522,Unknown(522),33129095,8
389,322,522,Unknown(522),33129111,8
389,322,512,Move,33129116,8
389,322,512,Move,33129117,8
389,322,512,Move,33129119,8
389,322,512,Move,33129119,8
389,322,512,Move,33129121,8
389,322,512,Move,33129157,8
389,322,512,Move,33129158,8
389,322,512,Move,33129159,8
389,322,512,Move,33129180,8
389,322,512,Move,33129180,8
389,322,512,Move,33129182,8
389,322,512,Move,33129183,8
389,322,512,Move,33129184,8
389,322,512,Move,33129192,8
389,322,512,Move,33129192,8
389,322,512,Move,33129194,8
389,322,522,Unknown(522),33129343,8
389,322,522,Unknown(522),33129359,8
389,322,522,Unknown(522),33129367,8
389,322,512,Move,33129378,8
389,322,512,Move,33129378,8
389,322,512,Move,33129380,8
389,322,512,Move,33129380,8
389,322,512,Move,33129382,8
389,322,522,Unknown(522),33129383,8
389,322,522,Unknown(522),33129391,8
389,322,512,Move,33129400,8
389,322,512,Move,33129401,8
389,322,512,Move,33129402,8
389,322,522,Unknown(522),33129427,8
389,322,512,Move,33129446,8
389,322,512,Move,33129459,8
389,322,512,Move,33129459,8
389,322,512,Move,33129461,8
389,322,512,Move,33129462,8
389,322,512,Move,33129464,8
389,322,512,Move,33129464,8
389,322,512,Move,33129466,8
389,322,512,Move,33129467,8
389,322,512,Move,33129469,8
389,322,512,Move,33129502,8
389,322,512,Move,33129502,8
389,322,512,Move,33129514,8
389,322,512,Move,33129514,8
389,322,512,Move,33129516,8
389,322,512,Move,33129516,8
389,322,512,Move,33129518,8
389,322,512,Move,33129518,8
389,322,522,Unknown(522),33129639,8
389,322,522,Unknown(522),33129655,8
389,322,522,Unknown(522),33129663,8
389,322,522,Unknown(522),33129679,8
389,322,522,Unknown(522),33129703,8
388,322,512,Move,33130751,8
387,322,512,Move,33130855,8
386,322,512,Move,33130866,8
385,322,512,Move,33130911,8
384,322,512,Move,33130919,8
382,322,512,Move,33130935,8
381,322,512,Move,33130943,8
380,322,512,Move,33130951,8
379,322,512,Move,33130961,8
378,322,512,Move,33130967,8
377,322,512,Move,33130975,8
376,322,512,Move,33130983,8
375,322,512,Move,33130991,8
374,322,512,Move,33131007,8
373,322,512,Move,33131015,8
372,322,512,Move,33131039,8
372,322,512,Move,33131342,8
372,322,512,Move,33131353,8
372,322,512,Move,33131646,8
372,322,512,Move,33131769,8
375,322,512,Move,33133485,8
376,321,512,Move,33133487,8
376,321,512,Move,33133491,8
378,320,512,Move,33133495,8
380,319,512,Move,33133503,8
382,318,512,Move,33133511,8
383,317,512,Move,33133519,8
386,317,512,Move,33133527,8
388,316,512,Move,33133535,8
390,315,512,Move,33133551,8
390,314,512,Move,33133559,8
391,314,512,Move,33133587,8
391,313,512,Move,33133599,8
392,313,512,Move,33133631,8
393,313,512,Move,33133639,8
393,312,512,Move,33133655,8
394,312,512,Move,33133663,8
395,312,512,Move,33133687,8
396,311,512,Move,33133735,8
396,311,512,Move,33133854,8
396,311,512,Move,33133855,8
396,311,512,Move,33133856,8
396,311,512,Move,33133856,8
396,311,512,Move,33133857,8
397,311,512,Move,33134055,8
398,311,512,Move,33134063,8
398,310,512,Move,33134071,8
399,310,512,Move,33134079,8
400,310,512,Move,33134087,8
401,310,512,Move,33134095,8
403,310,512,Move,33134105,8
404,309,512,Move,33134111,8
405,309,512,Move,33134119,8
406,309,512,Move,33134127,8
407,308,512,Move,33134135,8
408,308,512,Move,33134151,8
409,308,512,Move,33134159,8
410,308,512,Move,33134175,8
411,308,512,Move,33134183,8
412,311,512,Move,33134191,8
416,316,512,Move,33134199,8
419,320,512,Move,33134210,8
424,326,512,Move,33134215,8
429,334,512,Move,33134223,8
434,340,512,Move,33134231,8
441,349,512,Move,33134239,8
447,357,512,Move,33134247,8
453,366,512,Move,33134255,8
457,373,512,Move,33134263,8
459,382,512,Move,33134271,8
462,388,512,Move,33134279,8
462,393,512,Move,33134287,8
461,396,512,Move,33134295,8
459,398,512,Move,33134303,8
458,398,512,Move,33134687,8
458,397,512,Move,33134711,8
459,397,512,Move,33134719,8
457,396,512,Move,33134727,8
455,395,512,Move,33134743,8
456,395,512,Move,33134751,8
455,395,512,Move,33134759,8
453,394,512,Move,33134775,8
454,394,512,Move,33134783,8
452,394,512,Move,33134791,8
451,393,512,Move,33134799,8
451,394,512,Move,33134807,8
452,393,512,Move,33134815,8
450,392,512,Move,33134823,8
451,392,512,Move,33134839,8
449,391,512,Move,33134847,8
448,391,512,Move,33134863,8
446,391,512,Move,33134879,8
446,390,512,Move,33134887,8
447,390,512,Move,33134895,8
446,390,512,Move,33134903,8
445,390,512,Move,33134911,8
444,390,512,Move,33134919,8
443,390,512,Move,33134935,8
442,389,512,Move,33134946,8
441,389,512,Move,33134967,8
439,389,512,Move,33134975,8
436,388,512,Move,33134991,8
437,389,512,Move,33135007,8
438,389,512,Move,33135015,8
436,388,512,Move,33135039,8
437,388,512,Move,33135050,8
434,389,512,Move,33135055,8
434,390,512,Move,33135063,8
436,390,512,Move,33135079,8
435,390,512,Move,33135087,8
435,391,512,Move,33135095,8
436,391,512,Move,33135103,8
435,390,512,Move,33135111,8
431,390,512,Move,33135127,8
432,389,512,Move,33135135,8
432,390,512,Move,33135150,8
432,389,512,Move,33135152,8
431,388,512,Move,33135183,8
432,388,512,Move,33135207,8
431,388,512,Move,33135215,8
430,386,512,Move,33135223,8
431,386,512,Move,33135239,8
430,385,512,Move,33135255,8
430,384,512,Move,33135271,8
428,384,512,Move,33135279,8
428,385,512,Move,33135287,8
429,385,512,Move,33135303,8
427,384,512,Move,33135311,8
428,384,512,Move,33135327,8
428,385,512,Move,33135335,8
428,384,512,Move,33135343,8
427,383,512,Move,33135367,8
426,383,512,Move,33135375,8
425,383,512,Move,33135407,8
424,383,512,Move,33135423,8
424,384,512,Move,33135431,8
423,387,512,Move,33135439,8
423,392,512,Move,33135447,8
423,396,512,Move,33135459,8
423,401,512,Move,33135463,8
423,404,512,Move,33135471,8
423,408,512,Move,33135479,8
423,411,512,Move,33135487,8
423,413,512,Move,33135495,8
423,416,512,Move,33135503,8
424,420,512,Move,33135523,8
424,422,512,Move,33135527,8
424,424,512,Move,33135535,8
424,425,512,Move,33135551,8
424,427,512,Move,33135561,8
425,429,512,Move,33135575,8
425,430,512,Move,33135583,8
425,432,512,Move,33135591,8
426,434,512,Move,33135599,8
426,437,512,Move,33135618,8
427,440,512,Move,33135623,8
427,443,512,Move,33135631,8
427,445,512,Move,33135639,8
427,448,512,Move,33135647,8
427,451,512,Move,33135658,8
428,452,512,Move,33135663,8
429,454,512,Move,33135671,8
429,455,512,Move,33135679,8
429,456,512,Move,33135687,8
429,457,512,Move,33135711,8
429,458,512,Move,33135719,8
429,459,512,Move,33135751,8
429,459,522,Unknown(522),33136295,25
429,459,522,Unknown(522),33136319,25
429,459,522,Unknown(522),33136335,25
429,459,522,Unknown(522),33136351,25
429,459,522,Unknown(522),33136375,25
429,459,522,Unknown(522),33137383,25
429,459,522,Unknown(522),33137495,25
430,459,512,Move,33137655,8
431,459,512,Move,33137663,8
430,461,512,Move,33137673,8
429,461,512,Move,33137679,8
428,463,512,Move,33137687,8
427,464,512,Move,33137695,8
426,466,512,Move,33137703,8
425,467,512,Move,33137711,8
423,469,512,Move,33137719,8
422,471,512,Move,33137727,8
420,473,512,Move,33137735,8
418,478,512,Move,33137743,8
416,482,512,Move,33137751,8
413,488,512,Move,33137759,8
409,497,512,Move,33137770,8
405,506,512,Move,33137775,8
397,515,512,Move,33137783,8
389,527,512,Move,33137791,8
366,557,512,Move,33137811,8
340,582,512,Move,33137831,8
328,595,512,Move,33137832,8
314,604,512,Move,33137839,8
303,613,512,Move,33137847,8
294,619,512,Move,33137855,8
280,628,512,Move,33137881,8
280,627,512,Move,33138135,8
278,626,512,Move,33138143,8
277,625,512,Move,33138151,8
276,624,512,Move,33138167,8
276,625,512,Move,33138215,8
276,626,512,Move,33138223,8
275,627,512,Move,33138231,8
275,630,512,Move,33138239,8
275,633,512,Move,33138247,8
273,640,512,Move,33138267,8
273,647,512,Move,33138271,8
273,653,512,Move,33138279,8
273,660,512,Move,33138287,8
273,669,512,Move,33138295,8
273,679,512,Move,33138306,8
273,687,512,Move,33138311,8
273,694,512,Move,33138319,8
273,702,512,Move,33138327,8
273,709,512,Move,33138335,8
273,714,512,Move,33138343,8
273,719,512,Move,33138351,8
273,724,512,Move,33138359,8
272,728,512,Move,33138367,8
271,731,512,Move,33138375,8
269,733,512,Move,33138383,8
267,736,512,Move,33138391,8
266,736,512,Move,33138401,8
266,737,512,Move,33138407,8
265,738,160,Move,33138415,2
265,739,160,Move,33138511,2
264,739,160,Move,33138519,2
264,740,160,Move,33138535,2
264,741,160,Move,33138543,2
264,742,512,Move,33138551,2
263,744,512,Move,33138559,2
263,746,512,Move,33138575,2
263,748,512,Move,33138583,2
263,750,512,Move,33138599,2
263,751,512,Move,33138607,2
263,752,512,Move,33138615,2
263,753,512,Move,33138623,2
263,753,512,Move,33138658,2
263,753,513,Pressed,33138743,2
263,753,512,Move,33138744,2
263,753,512,Move,33138745,2
263,753,514,Released,33138823,2
263,753,512,Move,33138824,2
263,753,512,Move,33138826,2
263,753,512,Move,33138831,2
263,753,512,Move,33138831,2
263,753,512,Move,33138834,2
263,753,512,Move,33138835,2
263,753,512,Move,33138838,2
263,753,512,Move,33138840,2
263,753,512,Move,33138841,2
263,753,512,Move,33138842,2
263,753,512,Move,33138845,2
263,753,512,Move,33138846,2
263,753,512,Move,33138847,2
263,753,512,Move,33138848,2
263,753,512,Move,33138851,2
263,752,512,Move,33139015,2
263,751,512,Move,33139023,2
265,749,512,Move,33139031,2
268,748,512,Move,33139039,2
270,745,512,Move,33139047,2
276,741,160,Move,33139055,2
284,736,512,Move,33139063,43
291,731,512,Move,33139071,43
302,723,512,Move,33139079,43
313,716,512,Move,33139087,43
324,708,512,Move,33139095,43
335,700,512,Move,33139103,43
346,691,160,Move,33139111,43
356,682,512,Move,33139119,43
367,674,512,Move,33139127,43
377,665,512,Move,33139135,43
386,658,512,Move,33139143,43
397,649,512,Move,33139151,43
406,638,512,Move,33139159,43
414,631,512,Move,33139167,43
422,624,512,Move,33139175,43
428,616,512,Move,33139183,43
433,607,512,Move,33139191,43
438,601,512,Move,33139199,43
442,595,512,Move,33139207,43
445,592,512,Move,33139215,43
445,590,512,Move,33139223,43
446,588,512,Move,33139231,43
446,586,512,Move,33139239,43
446,585,512,Move,33139247,43
446,584,512,Move,33139255,43
446,583,512,Move,33139263,43
444,582,512,Move,33139271,43
443,582,512,Move,33139279,43
443,581,512,Move,33139551,43
444,581,512,Move,33139559,43
445,581,512,Move,33139567,43
445,580,512,Move,33139583,43
445,579,512,Move,33139591,43
446,578,512,Move,33139599,43
447,578,512,Move,33139607,43
448,577,512,Move,33139615,43
449,575,512,Move,33139623,43
450,575,512,Move,33139631,43
450,573,512,Move,33139639,43
451,571,512,Move,33139647,43
452,571,512,Move,33139655,43
454,570,512,Move,33139663,43
454,569,512,Move,33139671,43
454,568,512,Move,33139679,43
455,568,512,Move,33139687,43
456,566,512,Move,33139695,43
456,565,512,Move,33139703,43
456,564,512,Move,33139719,43
456,563,512,Move,33139727,43
456,562,512,Move,33139735,43
456,561,512,Move,33139759,43
456,560,512,Move,33139783,43
456,559,512,Move,33139807,43
456,558,512,Move,33139831,43
456,557,512,Move,33139855,43
457,556,512,Move,33140311,43
458,556,512,Move,33140335,43
458,555,512,Move,33140343,43
458,554,512,Move,33140831,43
458,553,512,Move,33140847,43
459,552,512,Move,33140855,43
460,551,512,Move,33140887,43
461,550,512,Move,33140895,43
461,549,512,Move,33140903,43
461,548,512,Move,33140927,43
461,547,512,Move,33140935,43
461,546,512,Move,33140943,43
461,545,512,Move,33140959,43
461,544,512,Move,33140967,43
461,543,512,Move,33140975,43
461,542,512,Move,33140991,43
461,541,512,Move,33140999,43
461,540,512,Move,33141015,43
461,539,512,Move,33141023,43
461,538,512,Move,33141039,43
461,537,512,Move,33141047,43
461,536,512,Move,33141063,43
461,535,512,Move,33141079,43
461,534,512,Move,33141087,43
461,533,512,Move,33141095,43
461,532,512,Move,33141127,43
461,531,512,Move,33141143,43
461,530,512,Move,33141151,43
461,529,512,Move,33141183,43
463,527,512,Move,33142743,43
464,525,512,Move,33142751,43
464,524,512,Move,33142759,43
466,523,512,Move,33142767,43
467,521,512,Move,33142775,43
469,519,512,Move,33142783,43
470,519,512,Move,33142791,43
472,517,512,Move,33142799,43
474,515,512,Move,33142807,43
476,512,512,Move,33142815,43
477,508,512,Move,33142823,43
477,505,512,Move,33142831,43
478,499,512,Move,33142839,43
479,494,512,Move,33142847,43
479,494,512,Move,33142848,43
482,490,512,Move,33142855,43
486,485,512,Move,33142863,43
492,482,512,Move,33142871,43
500,478,512,Move,33142879,43
505,476,512,Move,33142887,43
511,473,512,Move,33142895,43
515,471,512,Move,33142903,43
519,470,512,Move,33142911,43
522,469,512,Move,33142919,43
527,465,512,Move,33142927,43
532,461,512,Move,33142935,43
534,457,512,Move,33142943,43
536,451,512,Move,33142951,43
538,447,512,Move,33142959,43
539,441,512,Move,33142967,43
540,436,512,Move,33142975,43
542,430,512,Move,33142983,43
546,426,512,Move,33142991,43
547,422,512,Move,33142999,43
549,418,512,Move,33143007,43
551,414,512,Move,33143015,43
551,410,512,Move,33143023,43
551,405,512,Move,33143031,43
550,401,512,Move,33143039,43
547,396,512,Move,33143047,43
545,392,512,Move,33143055,43
542,387,512,Move,33143063,43
539,383,512,Move,33143071,43
536,380,512,Move,33143079,43
534,376,512,Move,33143087,43
531,374,512,Move,33143095,43
529,370,512,Move,33143103,43
527,367,512,Move,33143111,43
525,362,512,Move,33143119,43
524,359,512,Move,33143127,43
523,356,512,Move,33143135,43
522,355,512,Move,33143143,43
522,352,512,Move,33143151,43
521,351,512,Move,33143159,43
521,350,512,Move,33143175,43
520,350,512,Move,33143183,43
520,349,512,Move,33143191,43
520,348,512,Move,33143239,43
519,347,512,Move,33143247,43
518,347,512,Move,33143255,43
516,345,512,Move,33143263,43
515,343,512,Move,33143271,43
512,342,512,Move,33143279,43
509,341,512,Move,33143287,43
505,340,512,Move,33143295,43
500,339,512,Move,33143303,43
492,339,512,Move,33143311,43
485,339,512,Move,33143319,43
475,339,512,Move,33143327,43
466,339,512,Move,33143335,43
456,339,512,Move,33143343,43
446,339,512,Move,33143351,43
438,339,512,Move,33143359,43
432,337,512,Move,33143367,43
427,336,512,Move,33143375,43
425,336,512,Move,33143383,43
424,336,512,Move,33143967,43
420,334,512,Move,33143975,43
419,334,512,Move,33143983,43
418,333,512,Move,33143991,43
417,333,512,Move,33143999,43
417,332,512,Move,33144007,43
416,332,512,Move,33144015,43
416,331,512,Move,33144023,43
416,330,512,Move,33144031,43
415,330,512,Move,33144039,43
415,329,512,Move,33144047,43
415,328,512,Move,33144063,43
415,327,512,Move,33144071,43
415,326,512,Move,33144087,43
415,325,512,Move,33144095,43
415,324,512,Move,33144103,43
415,322,512,Move,33144111,43
416,320,512,Move,33144119,43
417,319,512,Move,33144127,43
417,318,512,Move,33144135,43
417,316,512,Move,33144143,43
417,316,512,Move,33144325,43
417,316,512,Move,33144330,43
416,313,512,Move,33145015,43
412,305,512,Move,33145023,43
407,295,512,Move,33145031,43
403,284,512,Move,33145039,43
401,281,512,Move,33145047,43
401,281,522,Unknown(522),33147831,43
401,281,522,Unknown(522),33147855,43
401,281,522,Unknown(522),33147856,43
401,281,522,Unknown(522),33147888,43
401,281,522,Unknown(522),33147908,43
401,281,522,Unknown(522),33147941,43
401,281,522,Unknown(522),33147949,43
401,281,522,Unknown(522),33147985,43
401,281,522,Unknown(522),33160295,43
401,281,522,Unknown(522),33160351,43
401,281,522,Unknown(522),33160383,43
401,281,522,Unknown(522),33160415,43
401,281,522,Unknown(522),33160447,43
401,281,522,Unknown(522),33160448,43
401,281,522,Unknown(522),33160495,43
399,282,512,Move,33161199,43
397,283,512,Move,33161207,43
400,284,512,Move,33161215,43
407,284,512,Move,33161223,43
414,285,512,Move,33161231,43
424,286,512,Move,33161239,43
435,287,512,Move,33161247,43
445,287,512,Move,33161255,43
457,289,512,Move,33161263,43
468,292,512,Move,33161271,43
479,293,512,Move,33161279,43
489,296,512,Move,33161287,43
497,296,512,Move,33161295,43
506,297,512,Move,33161303,43
511,297,512,Move,33161311,43
515,297,512,Move,33161319,43
518,297,512,Move,33161327,43
519,297,512,Move,33161335,43
519,296,512,Move,33161343,43
518,296,512,Move,33161351,43
517,295,512,Move,33161359,43
515,294,512,Move,33161367,43
513,293,512,Move,33161375,43
514,293,512,Move,33161751,43
515,293,512,Move,33161759,43
516,293,512,Move,33161775,43
517,293,512,Move,33161783,43
517,294,512,Move,33161823,43
516,294,512,Move,33161863,43
515,294,512,Move,33161911,43
514,294,512,Move,33161959,43
514,295,512,Move,33161999,43
514,296,512,Move,33162023,43
514,297,512,Move,33162055,43
514,298,512,Move,33162079,43
514,299,512,Move,33162095,43
514,300,512,Move,33162103,43
514,301,512,Move,33162111,43
514,302,512,Move,33162127,43
514,304,512,Move,33162135,43
514,306,512,Move,33162151,43
514,307,512,Move,33162159,43
514,308,512,Move,33162167,43
514,309,512,Move,33162175,43
514,310,512,Move,33162191,43
514,311,512,Move,33162215,43
515,311,512,Move,33162279,43
516,310,512,Move,33162287,43
518,309,512,Move,33162295,43
521,308,512,Move,33162303,43
523,307,512,Move,33162311,43
523,307,522,Unknown(522),33162599,43
523,307,522,Unknown(522),33162623,43
523,307,522,Unknown(522),33162624,43
523,308,522,Unknown(522),33162648,43
523,308,522,Unknown(522),33162649,43
523,308,512,Move,33162649,43
523,309,512,Move,33162663,43
523,312,522,Unknown(522),33162664,43
523,312,512,Move,33162664,43
522,314,522,Unknown(522),33162675,43
522,314,512,Move,33162676,43
522,314,522,Unknown(522),33162689,43
522,314,522,Unknown(522),33162695,43
522,314,522,Unknown(522),33164343,43
522,314,522,Unknown(522),33165231,43
522,315,512,Move,33165935,43
522,318,512,Move,33165943,43
523,327,512,Move,33165951,43
524,339,512,Move,33165959,43
525,348,512,Move,33165967,43
526,356,512,Move,33165975,43
528,363,512,Move,33165983,43
528,372,512,Move,33165991,43
528,378,512,Move,33165999,43
528,384,512,Move,33166007,43
528,387,512,Move,33166015,43
529,391,512,Move,33166023,43
529,394,512,Move,33166031,43
530,397,512,Move,33166039,43
530,398,512,Move,33166047,43
530,399,512,Move,33166055,43
531,401,512,Move,33166063,43
531,402,512,Move,33166079,43
530,402,512,Move,33166095,43
529,402,512,Move,33166103,43
528,400,512,Move,33166111,43
529,400,512,Move,33166743,43
530,400,512,Move,33166767,43
530,401,512,Move,33166815,43
529,401,512,Move,33166823,43
530,401,512,Move,33166831,43
530,402,512,Move,33166839,43
530,403,512,Move,33166863,43
529,403,512,Move,33167855,43
527,404,512,Move,33167887,43
526,405,512,Move,33167895,43
524,407,512,Move,33167911,43
523,408,512,Move,33167919,43
522,408,512,Move,33167927,43
521,409,512,Move,33167936,43
520,410,512,Move,33167943,43
520,411,512,Move,33167951,43
519,411,512,Move,33167959,43
518,411,512,Move,33167975,43
517,411,512,Move,33167991,43
516,412,512,Move,33168007,43
516,413,512,Move,33168015,43
515,413,512,Move,33168047,43
516,413,512,Move,33168271,43
517,414,512,Move,33168279,43
519,415,512,Move,33168287,43
522,416,512,Move,33168295,43
525,418,512,Move,33168303,43
529,419,512,Move,33168311,43
532,419,512,Move,33168319,43
536,419,512,Move,33168327,43
540,420,512,Move,33168335,43
545,420,512,Move,33168343,43
548,420,512,Move,33168351,43
552,421,512,Move,33168359,43
554,421,512,Move,33168367,43
557,421,512,Move,33168375,43
560,421,512,Move,33168383,43
562,421,512,Move,33168391,43
564,421,512,Move,33168399,43
566,421,512,Move,33168407,43
568,421,512,Move,33168415,43
569,421,512,Move,33168423,43
570,421,512,Move,33168431,43
571,421,512,Move,33168439,43
572,421,512,Move,33168887,43
573,421,512,Move,33168895,43
574,421,512,Move,33168911,43
575,421,512,Move,33168927,43
576,421,512,Move,33168951,43
577,421,512,Move,33168967,43
578,421,512,Move,33168983,43
579,421,512,Move,33168999,43
580,421,512,Move,33169007,43
581,421,512,Move,33169023,43
582,421,512,Move,33169031,43
583,421,512,Move,33169039,43
583,422,512,Move,33171519,43
583,423,512,Move,33171527,43
583,424,512,Move,33171543,43
583,426,512,Move,33171551,43
583,427,512,Move,33171567,43
583,428,512,Move,33171575,43
583,430,512,Move,33171591,43
583,432,512,Move,33171599,43
584,432,512,Move,33171607,43
585,434,512,Move,33171615,43
587,435,512,Move,33171623,43
590,436,512,Move,33171631,43
591,438,512,Move,33171639,43
594,439,512,Move,33171647,43
598,441,512,Move,33171655,43
601,441,512,Move,33171663,43
601,442,512,Move,33172071,43
601,443,512,Move,33172079,43
601,442,512,Move,33172087,43
600,442,512,Move,33172103,43
599,442,512,Move,33172215,43
598,443,512,Move,33173375,43
597,444,512,Move,33173383,43
595,445,512,Move,33173391,43
594,447,512,Move,33173399,43
592,448,512,Move,33173407,43
590,450,512,Move,33173415,43
589,451,512,Move,33173423,43
587,451,512,Move,33173431,43
585,453,512,Move,33173439,43
583,454,512,Move,33173447,43
583,455,512,Move,33173456,43
582,455,512,Move,33173463,43
581,457,512,Move,33173471,43
580,458,512,Move,33173479,43
580,460,512,Move,33173495,43
579,462,512,Move,33173503,43
577,463,512,Move,33173511,43
575,466,512,Move,33173519,43
573,469,512,Move,33173527,43
571,470,512,Move,33173535,43
570,471,512,Move,33173543,43
569,471,512,Move,33173551,43
568,471,512,Move,33173559,43
568,469,512,Move,33173567,43
568,470,512,Move,33173575,43
569,470,512,Move,33174015,43
570,470,512,Move,33174063,43
571,470,512,Move,33174095,43
572,470,512,Move,33174135,43
572,470,522,Unknown(522),33176095,43
571,470,512,Move,33176479,43
570,470,512,Move,33176487,43
569,470,512,Move,33176495,43
566,470,512,Move,33176503,43
563,470,512,Move,33176511,43
559,470,512,Move,33176519,43
556,470,512,Move,33176527,43
549,470,512,Move,33176535,43
543,470,512,Move,33176543,43
533,470,512,Move,33176551,43
523,470,512,Move,33176559,43
513,470,512,Move,33176567,43
501,470,512,Move,33176575,43
488,470,512,Move,33176583,43
423,470,512,Move,33176632,43
423,470,512,Move,33176633,43
414,468,512,Move,33176639,43
410,466,512,Move,33176647,43
406,465,512,Move,33176655,43
403,463,512,Move,33176663,43
400,462,512,Move,33176671,43
399,461,512,Move,33176679,43
399,460,512,Move,33177007,43
399,459,512,Move,33177031,43
399,458,512,Move,33177039,43
400,457,512,Move,33177079,43
401,456,512,Move,33177095,43
401,455,512,Move,33177135,43
402,455,512,Move,33177175,43
402,454,512,Move,33177183,43
402,453,512,Move,33177199,43
403,453,512,Move,33177215,43
404,452,512,Move,33177223,43
405,451,512,Move,33177247,43
406,451,512,Move,33177255,43
407,451,512,Move,33177271,43
407,450,512,Move,33177279,43
408,450,512,Move,33177287,43
409,450,512,Move,33177295,43
409,449,512,Move,33177303,43
410,449,512,Move,33177311,43
411,449,512,Move,33177319,43
412,449,512,Move,33177327,43
413,449,512,Move,33177335,43
414,448,512,Move,33177343,43
415,448,512,Move,33177351,43
416,448,512,Move,33177367,43
417,448,512,Move,33177375,43
417,449,512,Move,33179543,43
417,450,512,Move,33179551,43
417,451,512,Move,33179567,43
417,452,512,Move,33179575,43
418,452,512,Move,33179615,43
419,452,512,Move,33179631,43
420,452,512,Move,33179639,43
421,452,512,Move,33179655,43
424,453,512,Move,33179663,43
425,454,512,Move,33179671,43
427,455,512,Move,33179679,43
429,455,512,Move,33179687,43
431,455,512,Move,33179695,43
433,456,512,Move,33179703,43
435,457,512,Move,33179711,43
436,458,512,Move,33179719,43
439,458,512,Move,33179727,43
442,459,512,Move,33179735,43
445,459,512,Move,33179743,43
450,460,512,Move,33179751,43
455,460,512,Move,33179759,43
460,461,512,Move,33179767,43
464,462,512,Move,33179775,43
470,463,512,Move,33179783,43
475,464,512,Move,33179791,43
480,465,512,Move,33179799,43
486,466,512,Move,33179807,43
491,466,512,Move,33179815,43
496,467,512,Move,33179823,43
499,467,512,Move,33179831,43
503,467,512,Move,33179839,43
504,467,512,Move,33179847,43
504,468,512,Move,33180399,43
504,467,512,Move,33180407,43
504,469,512,Move,33180423,43
504,470,512,Move,33180463,43
504,469,512,Move,33180495,43
503,469,512,Move,33180503,43
502,469,512,Move,33180567,43
501,470,512,Move,33181015,43
501,471,512,Move,33181023,43
500,471,512,Move,33181031,43
499,472,512,Move,33181039,43
498,474,512,Move,33181047,43
496,475,512,Move,33181063,43
495,477,512,Move,33181071,43
494,479,512,Move,33181079,43
493,480,512,Move,33181087,43
493,481,512,Move,33181095,43
492,483,512,Move,33181103,43
491,483,512,Move,33181111,43
490,484,512,Move,33181119,43
490,485,512,Move,33181127,43
490,486,512,Move,33181135,43
489,487,512,Move,33181143,43
489,488,512,Move,33181151,43
488,489,512,Move,33181159,43
487,490,512,Move,33181167,43
486,491,512,Move,33181175,43
486,492,512,Move,33181183,43
485,494,512,Move,33181191,43
484,494,512,Move,33181199,43
482,496,512,Move,33181207,43
482,497,512,Move,33181215,43
481,497,512,Move,33181223,43
479,498,512,Move,33181231,43
479,497,512,Move,33181263,43
478,497,512,Move,33181271,43
478,496,512,Move,33181279,43
478,495,512,Move,33181287,43
478,494,512,Move,33181295,43
479,494,512,Move,33181639,43
476,490,512,Move,33181766,43
476,490,512,Move,33181767,43
477,490,512,Move,33181879,43
477,489,512,Move,33181919,43
477,488,512,Move,33182103,43
478,488,512,Move,33182983,43
479,488,512,Move,33182991,43
480,488,512,Move,33183007,43
482,488,512,Move,33183015,43
483,488,512,Move,33183024,43
485,488,512,Move,33183031,43
488,488,512,Move,33183039,43
491,489,512,Move,33183047,43
496,489,512,Move,33183055,43
500,489,512,Move,33183063,43
506,491,512,Move,33183071,43
513,491,512,Move,33183079,43
519,491,512,Move,33183087,43
526,491,512,Move,33183095,43
533,491,512,Move,33183103,43
538,491,512,Move,33183111,43
543,491,512,Move,33183119,43
549,492,512,Move,33183127,43
554,492,512,Move,33183135,43
558,492,512,Move,33183143,43
563,493,512,Move,33183151,43
566,493,512,Move,33183159,43
570,493,512,Move,33183167,43
574,494,512,Move,33183175,43
580,496,512,Move,33183183,43
585,496,512,Move,33183191,43
593,497,512,Move,33183199,43
600,498,512,Move,33183207,43
609,499,512,Move,33183215,43
616,500,512,Move,33183223,43
621,501,512,Move,33183231,43
624,502,512,Move,33183239,43
626,502,512,Move,33183247,43
627,502,512,Move,33183687,43
628,502,512,Move,33183695,43
629,501,512,Move,33183703,43
630,501,512,Move,33183719,43
628,498,512,Move,33183727,43
625,496,512,Move,33183735,43
626,496,512,Move,33183751,43
627,496,512,Move,33183759,43
626,496,512,Move,33183791,43
627,496,512,Move,33183807,43
628,496,512,Move,33183855,43
629,496,512,Move,33186455,43
630,496,512,Move,33186471,43
631,496,512,Move,33186559,43
629,496,512,Move,33189095,43
628,496,512,Move,33189103,43
627,496,512,Move,33189127,43
625,496,512,Move,33189135,43
624,497,512,Move,33189143,43
621,499,512,Move,33189151,43
618,500,512,Move,33189160,43
614,501,512,Move,33189167,43
610,503,512,Move,33189175,43
606,505,512,Move,33189183,43
601,506,512,Move,33189191,43
596,508,512,Move,33189199,43
591,510,512,Move,33189207,43
585,513,512,Move,33189215,43
580,514,512,Move,33189223,43
573,515,512,Move,33189231,43
568,515,512,Move,33189239,43
562,517,512,Move,33189247,43
556,518,512,Move,33189255,43
553,519,512,Move,33189263,43
549,519,512,Move,33189271,43
547,519,512,Move,33189279,43
547,518,512,Move,33189295,43
546,518,512,Move,33189727,43
545,518,512,Move,33189743,43
545,517,512,Move,33189751,43
544,516,512,Move,33189767,43
543,517,512,Move,33189783,43
543,518,512,Move,33189791,43
542,518,512,Move,33189799,43
541,518,512,Move,33189807,43
540,518,512,Move,33189815,43
540,517,512,Move,33190143,43
541,517,512,Move,33190183,43
542,517,512,Move,33190207,43
542,516,512,Move,33190247,43
543,516,512,Move,33190335,43
544,516,512,Move,33191087,43
544,516,512,Move,33191594,43
544,516,512,Move,33191595,43
544,516,522,Unknown(522),33193071,43
544,516,522,Unknown(522),33193335,43
544,516,512,Move,33193600,43
544,516,512,Move,33193601,43
544,516,522,Unknown(522),33194175,43
544,516,522,Unknown(522),33194255,43
544,517,512,Move,33194663,43
544,518,512,Move,33194671,43
544,520,512,Move,33194679,43
545,522,512,Move,33194687,43
546,524,512,Move,33194695,43
547,525,512,Move,33194703,43
547,527,512,Move,33194711,43
548,529,512,Move,33194719,43
549,530,512,Move,33194727,43
550,532,512,Move,33194735,43
551,534,512,Move,33194743,43
551,535,512,Move,33194751,43
551,536,512,Move,33194760,43
551,538,512,Move,33194767,43
551,539,512,Move,33194783,43
551,540,512,Move,33194791,43
551,541,512,Move,33194807,43
551,542,512,Move,33194815,43
552,543,512,Move,33194823,43
552,545,512,Move,33194831,43
552,546,512,Move,33194839,43
553,547,512,Move,33194847,43
553,548,512,Move,33194855,43
553,549,512,Move,33194863,43
553,550,512,Move,33194879,43
553,551,512,Move,33194887,43
553,552,512,Move,33194895,43
553,553,512,Move,33194911,43
553,554,512,Move,33194919,43
553,555,512,Move,33194935,43
553,556,512,Move,33194943,43
553,557,512,Move,33194951,43
553,558,512,Move,33194975,43
553,559,512,Move,33194999,43
553,560,512,Move,33195007,43
553,561,512,Move,33195015,43
553,562,512,Move,33195023,43
553,563,512,Move,33195031,43
554,564,512,Move,33195039,43
555,564,512,Move,33195047,43
555,565,512,Move,33195063,43
556,565,512,Move,33195071,43
557,565,512,Move,33195127,43
558,565,512,Move,33195151,43
559,565,512,Move,33195159,43
560,565,512,Move,33195167,43
561,565,512,Move,33195175,43
562,564,512,Move,33195183,43
563,564,512,Move,33195199,43
564,563,512,Move,33195207,43
564,562,512,Move,33195215,43
565,561,512,Move,33195223,43
566,561,512,Move,33195231,43
567,560,512,Move,33195239,43
567,559,512,Move,33195247,43
568,558,512,Move,33195255,43
568,557,512,Move,33195263,43
568,556,512,Move,33195271,43
568,555,512,Move,33195279,43
569,554,512,Move,33195287,43
569,554,513,Pressed,33195383,43
569,554,514,Released,33195511,43
569,554,512,Move,33195512,43
569,554,512,Move,33207533,43
569,554,512,Move,33207832,43
569,554,512,Move,33208073,43
569,554,512,Move,33208200,43
569,554,512,Move,33209178,43
569,554,512,Move,33209914,43
569,554,512,Move,33210168,43
569,554,512,Move,33210296,43
569,554,512,Move,33210520,43
569,554,512,Move,33210616,43
569,554,512,Move,33210792,43
569,554,512,Move,33211161,43
569,554,512,Move,33212588,43
569,554,512,Move,33212856,43
569,554,512,Move,33213049,43
569,554,512,Move,33213160,43
569,554,512,Move,33213610,43
569,554,512,Move,33213802,43
569,554,512,Move,33214152,43
569,554,512,Move,33215161,43
569,554,512,Move,33217563,43
569,554,512,Move,33218248,43
569,554,512,Move,33218296,43
569,554,512,Move,33218489,43
569,554,512,Move,33218553,43
569,554,512,Move,33218601,43
569,554,512,Move,33218602,43
569,554,512,Move,33219066,43
569,554,512,Move,33219242,43
569,554,512,Move,33219576,43
569,554,512,Move,33220507,43
569,554,512,Move,33222597,43
569,554,512,Move,33222598,43
569,554,512,Move,33223419,43
569,554,512,Move,33223913,43
569,554,512,Move,33224089,43
569,554,512,Move,33224168,43
569,554,512,Move,33225050,43
569,554,512,Move,33229419,43
569,554,512,Move,33229928,43
569,554,512,Move,33230056,43
569,554,512,Move,33230216,43
569,554,512,Move,33230698,43
567,554,512,Move,33232071,43
564,558,512,Move,33232079,43
559,564,512,Move,33232087,43
554,570,512,Move,33232095,43
546,580,512,Move,33232103,43
540,590,512,Move,33232111,43
533,597,512,Move,33232119,43
527,606,512,Move,33232127,43
523,611,512,Move,33232135,43
518,618,512,Move,33232143,43
514,624,512,Move,33232151,43
509,630,512,Move,33232159,43
507,633,512,Move,33232167,43
504,636,512,Move,33232175,43
502,639,512,Move,33232183,43
500,641,512,Move,33232191,43
500,642,512,Move,33232199,43
499,643,512,Move,33232207,43
498,643,512,Move,33232215,43
497,643,512,Move,33232223,43
496,643,512,Move,33232239,43
494,642,512,Move,33232247,43
491,640,512,Move,33232255,43
487,637,512,Move,33232263,43
481,633,512,Move,33232271,43
475,628,512,Move,33232279,43
466,626,512,Move,33232287,43
459,624,512,Move,33232295,43
450,622,512,Move,33232303,43
443,622,512,Move,33232312,43
435,622,512,Move,33232319,43
428,622,512,Move,33232327,43
420,622,512,Move,33232335,43
413,622,512,Move,33232343,43
401,623,512,Move,33232351,43
393,624,512,Move,33232359,43
382,627,512,Move,33232367,43
372,628,512,Move,33232375,43
362,630,512,Move,33232383,43
351,632,512,Move,33232391,43
341,633,512,Move,33232399,43
329,636,512,Move,33232407,43
319,637,512,Move,33232415,43
311,638,512,Move,33232423,43
302,639,512,Move,33232431,43
294,639,512,Move,33232439,43
288,639,512,Move,33232447,43
285,639,512,Move,33232455,43
281,639,512,Move,33232463,43
279,639,512,Move,33232471,43
278,639,512,Move,33232479,43
277,639,512,Move,33232487,43
276,639,512,Move,33232495,43
276,638,512,Move,33232503,43
275,638,512,Move,33232511,43
275,637,512,Move,33232519,43
274,637,512,Move,33232527,43
273,637,512,Move,33232535,43
272,636,512,Move,33232543,43
271,635,512,Move,33232559,43
269,635,512,Move,33232567,43
268,634,512,Move,33232575,43
267,633,512,Move,33232583,43
265,633,512,Move,33232591,43
264,632,512,Move,33232599,43
262,631,512,Move,33232607,43
261,631,512,Move,33232615,43
259,630,512,Move,33232623,43
258,629,512,Move,33232631,43
258,627,512,Move,33232639,43
257,627,512,Move,33232647,43
256,627,512,Move,33232655,43
255,626,512,Move,33232663,43
255,625,512,Move,33232671,43
255,624,512,Move,33232679,43
254,624,512,Move,33232687,43
253,623,512,Move,33232695,43
252,623,512,Move,33232703,43
251,622,512,Move,33232711,43
250,621,512,Move,33232719,43
249,620,512,Move,33232727,43
249,619,512,Move,33232743,43
248,619,512,Move,33232751,43
247,619,512,Move,33232783,43
246,619,512,Move,33232831,43
245,619,512,Move,33232847,43
245,619,512,Move,33232848,43
244,619,512,Move,33232855,43
242,619,512,Move,33232871,43
240,619,512,Move,33232879,43
239,619,512,Move,33232887,43
237,619,512,Move,33232895,43
236,619,512,Move,33232903,43
233,619,512,Move,33232911,43
230,619,512,Move,33232919,43
229,619,512,Move,33232927,43
226,619,512,Move,33232935,43
224,619,512,Move,33232943,43
223,619,512,Move,33232951,43
222,619,512,Move,33232959,43
221,619,512,Move,33232967,43
220,619,512,Move,33232999,43
220,619,513,Pressed,33233087,43
220,619,514,Released,33233199,43
220,619,512,Move,33233200,43
220,618,512,Move,33233295,43
222,614,512,Move,33233303,43
227,608,512,Move,33233311,43
232,601,512,Move,33233319,43
240,593,512,Move,33233327,43
249,582,512,Move,33233335,43
262,569,512,Move,33233343,43
275,557,512,Move,33233351,43
289,543,512,Move,33233359,43
309,524,512,Move,33233367,43
330,499,512,Move,33233375,43
350,477,512,Move,33233383,43
368,455,512,Move,33233391,43
387,433,512,Move,33233399,43
402,412,512,Move,33233407,43
418,391,512,Move,33233415,43
432,371,512,Move,33233423,43
443,351,512,Move,33233431,43
457,330,512,Move,33233439,43
467,311,512,Move,33233447,43
475,290,512,Move,33233455,43
485,270,512,Move,33233463,43
496,250,512,Move,33233471,43
504,232,512,Move,33233479,43
513,213,512,Move,33233487,43
523,194,512,Move,33233495,43
533,174,512,Move,33233503,43
544,155,512,Move,33233511,43
554,135,512,Move,33233519,43
562,121,512,Move,33233527,43
568,108,512,Move,33233535,43
573,94,512,Move,33233543,43
579,83,512,Move,33233551,43
582,73,512,Move,33233559,43
586,65,160,Move,33233567,43
589,58,512,Move,33233575,43
591,54,512,Move,33233583,43
592,51,512,Move,33233591,43
592,50,512,Move,33233599,43
593,48,512,Move,33233607,43
593,47,512,Move,33233615,43
594,48,512,Move,33233679,43
595,51,512,Move,33233687,43
597,52,512,Move,33233695,43
597,53,512,Move,33233703,43
599,55,512,Move,33233711,43
600,56,512,Move,33233719,43
601,57,512,Move,33233727,43
603,59,512,Move,33233735,43
605,60,512,Move,33233743,43
608,62,512,Move,33233751,43
611,64,512,Move,33233759,43
614,66,160,Move,33233767,43
616,68,160,Move,33233775,43
619,69,512,Move,33233783,43
623,69,512,Move,33233791,43
627,72,512,Move,33233799,43
631,73,512,Move,33233807,43
634,73,512,Move,33233815,43
638,74,512,Move,33233823,43
641,74,512,Move,33233831,43
645,74,512,Move,33233839,43
648,74,512,Move,33233847,43
650,74,512,Move,33233855,43
653,74,512,Move,33233863,43
656,74,512,Move,33233871,43
657,74,512,Move,33233879,43
660,74,512,Move,33233887,43
662,74,512,Move,33233895,43
663,74,512,Move,33233903,43
665,74,512,Move,33233911,43
666,74,512,Move,33233919,43
669,74,512,Move,33233927,43
672,74,512,Move,33233935,43
674,75,512,Move,33233943,43
676,75,512,Move,33233951,43
679,75,512,Move,33233959,43
682,75,512,Move,33233967,43
684,75,512,Move,33233975,43
687,76,512,Move,33233983,43
691,77,512,Move,33233991,43
695,77,512,Move,33233999,43
700,78,512,Move,33234007,43
704,78,512,Move,33234015,43
709,78,512,Move,33234023,43
712,78,512,Move,33234031,43
715,78,512,Move,33234039,43
719,78,512,Move,33234047,43
722,78,512,Move,33234055,43
723,78,512,Move,33234063,43
725,78,512,Move,33234071,43
726,78,512,Move,33234079,43
727,78,512,Move,33234087,43
728,78,512,Move,33234151,43
729,78,512,Move,33234167,43
730,78,512,Move,33234175,43
731,77,512,Move,33234183,43
733,77,512,Move,33234191,43
735,77,512,Move,33234199,43
736,77,512,Move,33234207,43
738,76,512,Move,33234215,43
739,76,512,Move,33234223,43
740,76,512,Move,33234231,43
741,76,512,Move,33234239,43
741,76,513,Pressed,33234359,43
741,76,512,Move,33234370,43
741,76,512,Move,33234371,43
741,76,514,Released,33234423,43
741,76,514,Released,33234424,43
741,76,512,Move,33234445,43
741,77,512,Move,33234486,43
741,79,512,Move,33234487,43
740,82,512,Move,33234497,43
739,86,512,Move,33234504,43
737,93,512,Move,33234511,43
735,99,512,Move,33234519,43
733,107,512,Move,33234527,43
728,116,160,Move,33234535,43
725,127,512,Move,33234543,43
720,137,512,Move,33234551,43
714,150,512,Move,33234559,43
710,165,512,Move,33234567,43
703,183,512,Move,33234575,43
695,201,512,Move,33234583,43
685,223,512,Move,33234591,43
675,242,512,Move,33234599,43
663,262,512,Move,33234607,43
652,282,512,Move,33234615,43
641,295,512,Move,33234623,43
627,310,512,Move,33234631,43
615,321,512,Move,33234639,43
604,333,512,Move,33234647,43
591,342,512,Move,33234655,43
581,348,512,Move,33234663,43
568,354,512,Move,33234671,43
558,356,512,Move,33234679,43
548,358,512,Move,33234687,43
536,358,512,Move,33234695,43
523,358,512,Move,33234703,43
509,355,512,Move,33234711,43
492,351,512,Move,33234719,43
465,340,512,Move,33234727,43
433,326,512,Move,33234735,43
401,312,512,Move,33234743,43
361,293,512,Move,33234751,43
323,275,512,Move,33234759,43
287,258,512,Move,33234767,43
248,241,512,Move,33234775,43
212,224,512,Move,33234783,43
182,204,512,Move,33234791,43
161,190,512,Move,33234799,43
146,176,512,Move,33234807,43
135,167,512,Move,33234815,43
127,158,512,Move,33234823,43
123,152,512,Move,33234831,43
120,147,512,Move,33234839,43
120,145,512,Move,33234847,43
120,143,512,Move,33234855,43
121,140,512,Move,33234863,43
124,137,512,Move,33234871,43
130,134,512,Move,33234879,43
137,132,512,Move,33234887,43
138,132,512,Move,33234895,43
138,130,512,Move,33235087,43
138,129,512,Move,33235095,43
138,126,512,Move,33235103,43
136,120,512,Move,33235111,43
136,113,512,Move,33235119,43
136,108,512,Move,33235127,43
136,102,512,Move,33235135,43
136,99,512,Move,33235143,43
134,95,512,Move,33235151,43
133,91,160,Move,33235159,43
133,86,512,Move,33235167,43
132,83,512,Move,33235175,43
132,80,512,Move,33235183,43
131,78,512,Move,33235191,43
131,75,512,Move,33235199,43
131,73,512,Move,33235207,43
131,72,512,Move,33235215,43
130,69,512,Move,33235223,43
130,68,160,Move,33235231,43
130,67,160,Move,33235239,43
129,65,160,Move,33235247,43
129,64,512,Move,33235255,43
128,63,512,Move,33235263,43
128,62,512,Move,33235271,43
126,61,512,Move,33235279,43
126,60,512,Move,33235287,43
125,60,512,Move,33235295,43
125,59,512,Move,33235303,43
124,59,512,Move,33235311,43
123,58,512,Move,33235319,43
122,57,512,Move,33235327,43
122,56,512,Move,33235335,43
121,56,512,Move,33235343,43
119,55,512,Move,33235351,43
117,54,512,Move,33235367,43
114,53,512,Move,33235375,43
113,53,512,Move,33235383,43
111,53,512,Move,33235391,43
109,52,512,Move,33235399,43
108,52,512,Move,33235407,43
106,52,512,Move,33235415,43
105,52,512,Move,33235423,43
103,52,512,Move,33235431,43
102,52,512,Move,33235439,43
100,52,512,Move,33235447,43
99,52,512,Move,33235455,43
97,52,512,Move,33235471,43
95,53,512,Move,33235479,43
94,54,512,Move,33235487,43
92,55,512,Move,33235495,43
89,55,512,Move,33235503,43
88,55,512,Move,33235511,43
86,55,512,Move,33235519,43
84,55,512,Move,33235527,43
82,55,512,Move,33235543,43
81,55,512,Move,33235551,43
80,55,512,Move,33235575,43
80,54,512,Move,33235583,43
80,54,513,Pressed,33235767,43
80,54,512,Move,33235778,43
80,54,512,Move,33235779,43
80,54,514,Released,33235815,43
80,54,514,Released,33235816,43
80,54,512,Move,33235914,43
80,55,512,Move,33235919,43
80,55,512,Move,33235920,43
82,57,512,Move,33235927,43
84,58,512,Move,33235935,43
85,61,512,Move,33235943,43
89,65,160,Move,33235951,43
93,71,512,Move,33235959,43
100,80,512,Move,33235967,43
109,90,512,Move,33235975,43
118,102,512,Move,33235983,43
130,115,160,Move,33235992,43
144,130,512,Move,33235999,43
164,152,512,Move,33236007,43
187,175,512,Move,33236015,43
212,198,512,Move,33236023,43
235,221,512,Move,33236031,43
259,247,512,Move,33236039,43
281,269,512,Move,33236047,43
304,292,512,Move,33236055,43
326,310,512,Move,33236063,43
347,326,512,Move,33236071,43
367,339,512,Move,33236079,43
383,353,512,Move,33236087,43
395,365,512,Move,33236095,43
408,373,512,Move,33236103,43
417,381,512,Move,33236111,43
428,389,512,Move,33236119,43
437,395,512,Move,33236127,43
444,400,512,Move,33236135,43
451,407,512,Move,33236143,43
457,411,512,Move,33236151,43
462,415,512,Move,33236159,43
468,418,512,Move,33236167,43
473,423,512,Move,33236175,43
479,426,512,Move,33236183,43
483,430,512,Move,33236191,43
488,431,512,Move,33236199,43
494,433,512,Move,33236207,43
500,437,512,Move,33236215,43
504,439,512,Move,33236223,43
513,442,512,Move,33236231,43
519,445,512,Move,33236239,43
526,448,512,Move,33236247,43
533,451,512,Move,33236255,43
539,453,512,Move,33236263,43
544,455,512,Move,33236271,43
549,457,512,Move,33236279,43
554,460,512,Move,33236287,43
558,461,512,Move,33236295,43
564,463,512,Move,33236303,43
567,464,512,Move,33236311,43
570,465,512,Move,33236319,43
574,467,512,Move,33236327,43
578,467,512,Move,33236336,43
580,467,512,Move,33236343,43
583,467,512,Move,33236351,43
585,467,512,Move,33236359,43
586,467,512,Move,33236367,43
587,467,512,Move,33236375,43
589,467,512,Move,33236391,43
589,467,513,Pressed,33236743,43
589,467,514,Released,33236855,43
589,467,512,Move,33236856,43
589,467,522,Unknown(522),33245567,43
589,467,522,Unknown(522),33245588,43
589,467,522,Unknown(522),33245608,43
589,467,522,Unknown(522),33245619,43
589,467,522,Unknown(522),33245634,43
589,467,522,Unknown(522),33245656,43
589,467,522,Unknown(522),33246015,43
589,467,522,Unknown(522),33246033,43
589,467,522,Unknown(522),33246051,43
589,467,522,Unknown(522),33246073,43
589,467,522,Unknown(522),33246079,43
589,467,522,Unknown(522),33246343,43
589,467,522,Unknown(522),33246361,43
589,467,522,Unknown(522),33246379,43
589,467,522,Unknown(522),33246402,43
589,467,522,Unknown(522),33246409,43
589,467,522,Unknown(522),33246671,43
589,467,522,Unknown(522),33246690,43
589,467,522,Unknown(522),33246719,43
589,467,522,Unknown(522),33246760,43
589,467,522,Unknown(522),33246760,43
589,467,522,Unknown(522),33247311,43
589,467,522,Unknown(522),33247330,43
589,467,522,Unknown(522),33247360,43
589,467,522,Unknown(522),33247371,43
589,467,522,Unknown(522),33247395,43
589,467,522,Unknown(522),33248351,43
589,467,522,Unknown(522),33248370,43
589,467,522,Unknown(522),33248388,43
589,467,522,Unknown(522),33248394,43
589,467,522,Unknown(522),33248415,43
589,467,522,Unknown(522),33248452,43
589,467,522,Unknown(522),33248735,43
589,467,522,Unknown(522),33248772,43
589,467,522,Unknown(522),33248784,43
589,467,522,Unknown(522),33248823,43
589,467,522,Unknown(522),33249183,43
589,467,522,Unknown(522),33249224,43
589,467,522,Unknown(522),33249273,43
589,467,522,Unknown(522),33250295,43
589,467,522,Unknown(522),33250340,43
590,467,512,Move,33251343,43
592,471,512,Move,33251351,43
595,474,512,Move,33251359,43
600,477,512,Move,33251367,43
603,478,512,Move,33251375,43
609,478,512,Move,33251383,43
615,478,512,Move,33251391,43
624,478,512,Move,33251399,43
634,478,512,Move,33251407,43
635,478,512,Move,33251415,43
633,478,512,Move,33251663,43
632,478,512,Move,33251671,43
631,479,512,Move,33251679,43
630,482,512,Move,33251687,43
628,482,512,Move,33251695,43
628,483,512,Move,33251719,43
628,484,512,Move,33251735,43
628,485,512,Move,33251759,43
628,486,512,Move,33251767,43
628,486,512,Move,33251768,43
627,486,512,Move,33251775,43
626,487,512,Move,33251783,43
625,488,512,Move,33251791,43
625,489,512,Move,33251799,43
624,489,512,Move,33251807,43
623,490,512,Move,33251815,43
622,491,512,Move,33251823,43
621,492,512,Move,33251831,43
619,493,512,Move,33251839,43
619,495,512,Move,33251847,43
617,497,512,Move,33251855,43
616,498,512,Move,33251863,43
615,501,512,Move,33251871,43
613,504,512,Move,33251879,43
612,508,512,Move,33251887,43
609,512,512,Move,33251895,43
605,518,512,Move,33251903,43
602,524,512,Move,33251911,43
597,533,512,Move,33251919,43
593,540,512,Move,33251927,43
588,546,512,Move,33251935,43
583,554,512,Move,33251943,43
578,561,512,Move,33251951,43
574,569,512,Move,33251959,43
571,576,512,Move,33251967,43
566,582,512,Move,33251975,43
562,588,512,Move,33251983,43
558,594,512,Move,33251991,43
553,600,512,Move,33251999,43
548,607,512,Move,33252007,43
545,612,512,Move,33252015,43
544,616,512,Move,33252023,43
540,621,512,Move,33252031,43
539,627,512,Move,33252039,43
538,632,512,Move,33252047,43
537,636,512,Move,33252055,43
537,641,512,Move,33252063,43
536,645,512,Move,33252071,43
536,648,512,Move,33252079,43
536,652,512,Move,33252087,43
536,654,512,Move,33252095,43
536,658,512,Move,33252103,43
536,662,512,Move,33252111,43
537,666,512,Move,33252119,43
540,670,512,Move,33252128,43
541,672,512,Move,33252135,43
543,674,512,Move,33252143,43
546,675,512,Move,33252151,43
549,677,512,Move,33252159,43
551,677,512,Move,33252167,43
555,677,512,Move,33252175,43
557,676,512,Move,33252183,43
557,675,512,Move,33252367,43
557,674,512,Move,33252383,43
558,674,512,Move,33252391,43
558,673,512,Move,33252399,43
559,673,512,Move,33252407,43
560,673,512,Move,33252415,43
561,673,512,Move,33252423,43
562,673,512,Move,33252439,43
563,672,512,Move,33252447,43
565,672,512,Move,33252463,43
566,672,512,Move,33252471,43
618,682,512,Move,33252543,43
618,682,512,Move,33252544,43
627,686,512,Move,33252551,43
638,690,160,Move,33252559,43
647,693,512,Move,33252567,43
654,698,512,Move,33252575,43
662,702,512,Move,33252583,43
666,707,512,Move,33252591,43
669,708,512,Move,33252599,43
671,711,512,Move,33252607,43
673,714,512,Move,33252615,43
673,717,512,Move,33252623,43
673,718,512,Move,33252631,43
674,721,512,Move,33252639,43
675,724,512,Move,33252647,43
675,726,512,Move,33252655,43
675,728,512,Move,33252663,43
675,730,512,Move,33252671,43
676,732,512,Move,33252679,43
677,733,512,Move,33252687,43
677,734,512,Move,33252695,43
677,736,512,Move,33252703,43
678,736,512,Move,33252711,43
678,738,160,Move,33252719,2
678,739,160,Move,33252727,2
679,739,160,Move,33252735,2
680,741,160,Move,33252743,2
681,743,512,Move,33252751,2
681,745,512,Move,33252759,2
683,749,512,Move,33252767,2
686,753,512,Move,33252775,2
686,756,512,Move,33252783,2
688,759,512,Move,33252791,2
690,761,512,Move,33252799,2
690,762,512,Move,33252839,2
690,762,512,Move,33252871,2
690,761,512,Move,33252983,2
690,760,512,Move,33252999,2
690,759,512,Move,33253015,2
690,758,512,Move,33253023,2
690,757,512,Move,33253031,2
690,756,512,Move,33253055,2
690,756,513,Pressed,33253127,2
690,756,512,Move,33253128,2
690,756,512,Move,33253130,2
690,756,512,Move,33253132,2
690,756,512,Move,33253134,2
690,756,514,Released,33253223,2
690,756,512,Move,33253224,2
690,756,512,Move,33253226,2
690,755,512,Move,33253304,2
690,753,512,Move,33253312,2
690,752,512,Move,33253327,2
690,751,512,Move,33253335,2
690,750,512,Move,33253343,2
690,748,512,Move,33253351,2
689,746,512,Move,33253359,2
688,745,512,Move,33253367,2
687,742,512,Move,33253375,2
685,738,160,Move,33253383,2
683,732,512,Move,33253391,8
680,727,512,Move,33253399,8
678,719,512,Move,33253407,8
674,710,512,Move,33253415,8
670,702,512,Move,33253427,8
668,693,512,Move,33253431,8
663,684,512,Move,33253439,8
659,673,512,Move,33253447,8
655,663,512,Move,33253455,8
649,652,512,Move,33253463,8
644,641,512,Move,33253471,8
639,629,512,Move,33253479,8
628,608,512,Move,33253497,8
619,587,512,Move,33253518,8
615,575,512,Move,33253521,8
611,566,512,Move,33253532,8
607,557,512,Move,33253535,8
606,548,512,Move,33253543,8
605,541,512,Move,33253551,8
604,532,512,Move,33253569,8
604,531,512,Move,33253575,8
604,529,512,Move,33253583,8
604,528,512,Move,33253591,8
604,527,512,Move,33253623,8
604,526,512,Move,33253671,8
604,525,512,Move,33253687,8
604,524,512,Move,33253703,8
604,522,512,Move,33253722,8
604,520,512,Move,33253733,8
604,519,512,Move,33253735,8
604,517,512,Move,33253743,8
604,514,512,Move,33253751,8
604,513,512,Move,33253759,8
604,510,512,Move,33253767,8
604,508,512,Move,33253775,8
604,506,512,Move,33253783,8
604,503,512,Move,33253791,8
604,500,512,Move,33253799,8
604,497,512,Move,33253807,8
604,493,512,Move,33253815,8
602,488,512,Move,33253823,8
602,481,512,Move,33253833,8
602,473,512,Move,33253839,8
602,464,512,Move,33253847,8
603,454,512,Move,33253855,8
604,442,512,Move,33253863,8
607,429,512,Move,33253871,8
612,402,512,Move,33253890,8
614,373,512,Move,33253909,8
614,340,512,Move,33253929,8
614,308,512,Move,33253961,8
614,303,512,Move,33253973,8
613,301,512,Move,33253975,8
613,299,512,Move,33253983,8
612,299,512,Move,33254023,8
611,301,512,Move,33254039,8
609,304,512,Move,33254047,8
608,307,512,Move,33254055,8
606,310,512,Move,33254063,8
605,314,512,Move,33254074,8
603,317,512,Move,33254079,8
602,321,512,Move,33254087,8
600,325,512,Move,33254095,8
598,329,512,Move,33254103,8
596,333,512,Move,33254111,8
595,337,512,Move,33254119,8
593,343,512,Move,33254127,8
591,347,512,Move,33254135,8
588,352,512,Move,33254143,8
587,358,512,Move,33254151,8
585,363,512,Move,33254159,8
584,369,512,Move,33254170,8
582,378,512,Move,33254189,8
582,383,512,Move,33254193,8
582,388,512,Move,33254199,8
583,399,512,Move,33254218,8
585,403,512,Move,33254223,8
587,406,512,Move,33254231,8
587,409,512,Move,33254239,8
589,412,512,Move,33254247,8
592,416,512,Move,33254255,8
596,421,512,Move,33254274,8
598,424,512,Move,33254285,8
601,426,512,Move,33254287,8
603,427,512,Move,33254295,8
603,428,512,Move,33254303,8
604,429,512,Move,33254311,8
605,429,512,Move,33254319,8
605,430,512,Move,33254327,8
605,431,512,Move,33254343,8
603,430,512,Move,33257671,8
599,428,512,Move,33257679,8
592,424,512,Move,33257687,8
583,420,512,Move,33257695,8
572,418,512,Move,33257705,8
562,414,512,Move,33257711,8
538,407,512,Move,33257730,8
526,402,512,Move,33257735,8
513,396,512,Move,33257743,8
503,392,512,Move,33257751,8
492,387,512,Move,33257759,8
482,382,512,Move,33257767,8
474,377,512,Move,33257775,8
468,372,512,Move,33257783,8
461,371,512,Move,33257791,8
455,367,512,Move,33257801,8
450,366,512,Move,33257807,8
444,364,512,Move,33257815,8
440,363,512,Move,33257823,8
436,361,512,Move,33257831,8
433,360,512,Move,33257839,8
432,358,512,Move,33257847,8
432,357,512,Move,33258079,8
431,357,512,Move,33258087,8
429,358,512,Move,33258095,8
427,355,512,Move,33258103,8
426,355,512,Move,33258119,8
426,356,512,Move,33258127,8
426,357,512,Move,33258135,8
426,359,512,Move,33258143,8
426,360,512,Move,33258151,8
428,361,512,Move,33258159,8
430,362,512,Move,33258167,8
431,364,512,Move,33258175,8
433,366,512,Move,33258183,8
434,367,512,Move,33258191,8
435,368,512,Move,33258199,8
435,368,522,Unknown(522),33258319,8
435,368,512,Move,33258332,8
435,368,522,Unknown(522),33258343,8
435,368,522,Unknown(522),33258351,8
435,368,512,Move,33258354,8
435,368,512,Move,33258354,8
435,368,512,Move,33258356,8
435,368,512,Move,33258366,8
435,368,522,Unknown(522),33258367,8
435,368,522,Unknown(522),33258375,8
435,368,512,Move,33258378,8
435,368,512,Move,33258378,8
435,368,512,Move,33258380,8
435,368,522,Unknown(522),33258383,8
435,368,522,Unknown(522),33258391,8
435,370,512,Move,33258433,8
435,370,512,Move,33258436,8
435,370,512,Move,33258436,8
435,370,512,Move,33258438,8
435,370,512,Move,33258438,8
435,372,512,Move,33258439,8
435,374,512,Move,33258450,8
435,374,512,Move,33258453,8
435,374,512,Move,33258454,8
435,374,512,Move,33258455,8
435,374,512,Move,33258456,8
435,374,512,Move,33258458,8
435,374,512,Move,33258458,8
435,374,512,Move,33258460,8
435,374,512,Move,33258460,8
435,374,512,Move,33258462,8
435,374,512,Move,33258465,8
435,374,512,Move,33258478,8
435,374,512,Move,33258478,8
435,374,512,Move,33258480,8
436,374,512,Move,33258527,8
436,375,512,Move,33258543,8
436,375,522,Unknown(522),33258687,8
436,375,522,Unknown(522),33258703,8
436,375,512,Move,33258704,8
436,375,512,Move,33258705,8
436,375,512,Move,33258706,8
436,375,522,Unknown(522),33258711,8
436,375,522,Unknown(522),33258719,8
436,375,512,Move,33258726,8
436,375,512,Move,33258727,8
436,375,512,Move,33258728,8
436,375,512,Move,33258729,8
436,375,522,Unknown(522),33258735,8
436,375,512,Move,33258738,8
436,375,522,Unknown(522),33258743,8
436,375,512,Move,33258760,8
436,375,512,Move,33258761,8
436,375,512,Move,33258772,8
436,376,512,Move,33258784,8
436,376,512,Move,33258784,8
436,376,512,Move,33258787,8
436,377,512,Move,33258791,8
436,380,512,Move,33258810,8
436,380,512,Move,33258813,8
436,380,512,Move,33258824,8
436,380,512,Move,33258824,8
436,380,512,Move,33258826,8
436,380,512,Move,33258826,8
436,380,512,Move,33258828,8
436,380,512,Move,33258870,8
436,380,512,Move,33258870,8
436,380,512,Move,33258872,8
436,380,522,Unknown(522),33259031,8
436,380,522,Unknown(522),33259055,8
436,380,512,Move,33259057,8
436,380,512,Move,33259057,8
436,380,512,Move,33259058,8
436,380,512,Move,33259059,8
436,380,512,Move,33259060,8
436,380,522,Unknown(522),33259063,8
436,380,512,Move,33259069,8
436,380,522,Unknown(522),33259079,8
436,380,512,Move,33259081,8
436,380,522,Unknown(522),33259087,8
436,380,522,Unknown(522),33259105,8
436,380,522,Unknown(522),33259122,8
436,380,512,Move,33259125,8
436,380,512,Move,33259166,8
436,380,512,Move,33259166,8
436,380,512,Move,33259168,8
436,380,512,Move,33259169,8
436,380,512,Move,33259171,8
436,380,512,Move,33259171,8
436,380,512,Move,33259173,8
436,380,512,Move,33259173,8
436,380,512,Move,33259175,8
436,380,512,Move,33259175,8
436,380,512,Move,33259177,8
436,380,512,Move,33259190,8
436,380,512,Move,33259191,8
436,380,512,Move,33259193,8
436,380,512,Move,33259193,8
436,380,512,Move,33259195,8
436,380,512,Move,33259195,8
436,379,512,Move,33259263,8
435,378,512,Move,33259271,8
433,373,512,Move,33259279,8
428,366,512,Move,33259287,8
421,357,512,Move,33259297,8
413,346,512,Move,33259303,8
404,335,512,Move,33259311,8
381,311,512,Move,33259329,8
358,288,512,Move,33259349,8
348,277,512,Move,33259351,8
339,266,512,Move,33259359,8
329,253,512,Move,33259367,8
321,242,512,Move,33259375,8
311,232,512,Move,33259383,8
302,221,512,Move,33259393,8
287,201,512,Move,33259412,8
268,176,512,Move,33259433,8
260,166,512,Move,33259452,8
256,160,512,Move,33259455,8
253,157,512,Move,33259463,8
250,153,512,Move,33259471,8
249,150,512,Move,33259479,8
247,148,512,Move,33259489,8
246,145,512,Move,33259495,8
245,144,512,Move,33259503,8
245,142,512,Move,33259511,8
244,140,512,Move,33259519,8
243,140,512,Move,33259527,8
243,138,512,Move,33259535,8
242,137,512,Move,33259543,8
242,136,512,Move,33259559,8
242,137,512,Move,33259631,8
242,138,512,Move,33259639,8
243,141,512,Move,33259647,8
245,143,512,Move,33259655,8
247,148,512,Move,33259663,8
251,154,512,Move,33259671,8
256,163,512,Move,33259679,8
262,172,512,Move,33259689,8
269,185,512,Move,33259695,8
276,195,512,Move,33259703,8
292,219,512,Move,33259722,8
309,242,512,Move,33259741,8
333,278,512,Move,33259761,8
341,288,512,Move,33259767,8
347,299,512,Move,33259775,8
353,308,512,Move,33259785,8
360,316,512,Move,33259791,8
364,322,512,Move,33259799,8
368,326,512,Move,33259807,8
371,329,512,Move,33259815,8
371,331,512,Move,33259834,8
371,331,522,Unknown(522),33259919,8
371,331,522,Unknown(522),33259935,8
371,331,522,Unknown(522),33259943,8
371,331,512,Move,33259945,8
371,331,512,Move,33259945,8
371,331,512,Move,33259947,8
371,331,512,Move,33259956,8
371,331,512,Move,33259957,8
371,331,512,Move,33259958,8
371,331,522,Unknown(522),33259959,8
371,331,522,Unknown(522),33259967,8
371,331,522,Unknown(522),33259987,8
371,331,512,Move,33259990,8
371,331,512,Move,33260010,8
371,331,512,Move,33260010,8
371,332,512,Move,33260021,8
371,337,512,Move,33260041,8
371,337,512,Move,33260044,8
371,337,512,Move,33260044,8
371,337,512,Move,33260046,8
371,337,512,Move,33260046,8
371,337,512,Move,33260048,8
371,337,512,Move,33260056,8
371,337,512,Move,33260056,8
371,337,512,Move,33260058,8
371,337,512,Move,33260058,8
371,337,512,Move,33260060,8
371,337,512,Move,33260060,8
371,337,512,Move,33260062,8
371,337,512,Move,33260062,8
371,337,512,Move,33260063,8
371,337,522,Unknown(522),33260439,8
371,337,512,Move,33260454,8
371,337,512,Move,33260455,8
371,337,512,Move,33260456,8
371,337,522,Unknown(522),33260463,8
371,337,512,Move,33260478,8
371,337,512,Move,33260478,8
371,337,522,Unknown(522),33260479,8
371,337,512,Move,33260481,8
371,337,522,Unknown(522),33260503,8
371,337,522,Unknown(522),33260503,8
371,337,512,Move,33260506,8
371,337,512,Move,33260520,8
371,337,512,Move,33260521,8
371,337,512,Move,33260522,8
371,337,512,Move,33260523,8
371,337,512,Move,33260525,8
371,337,512,Move,33260543,8
371,337,512,Move,33260543,8
371,337,512,Move,33260545,8
371,337,512,Move,33260545,8
371,337,512,Move,33260557,8
371,337,512,Move,33260568,8
371,337,512,Move,33260569,8
371,337,512,Move,33260570,8
371,337,512,Move,33260624,8
371,337,512,Move,33260624,8
371,337,522,Unknown(522),33261591,8
371,337,512,Move,33261607,8
371,337,522,Unknown(522),33261615,8
371,337,512,Move,33261616,8
371,337,512,Move,33261627,8
371,337,512,Move,33261627,8
371,337,512,Move,33261629,8
371,337,522,Unknown(522),33261631,8
371,337,522,Unknown(522),33261639,8
371,337,512,Move,33261648,8
371,337,512,Move,33261648,8
371,337,512,Move,33261650,8
371,337,522,Unknown(522),33261655,8
371,337,512,Move,33261660,8
371,337,512,Move,33261683,8
371,337,512,Move,33261684,8
371,337,512,Move,33261685,8
371,337,522,Unknown(522),33261687,8
371,337,512,Move,33261694,8
371,337,512,Move,33261694,8
371,337,512,Move,33261707,8
371,337,512,Move,33261707,8
371,337,512,Move,33261709,8
371,337,512,Move,33261757,8
371,337,512,Move,33261757,8
371,337,512,Move,33261759,8
371,337,512,Move,33261759,8
371,337,512,Move,33261762,8
371,337,512,Move,33261762,8
371,337,512,Move,33261763,8
371,337,512,Move,33261764,8
371,337,512,Move,33261765,8
371,337,512,Move,33261792,8
371,337,512,Move,33261793,8
371,337,512,Move,33261794,8
371,337,512,Move,33261794,8
370,337,512,Move,33262063,8
371,337,512,Move,33262919,8
372,337,512,Move,33262927,8
373,337,512,Move,33262943,8
375,337,512,Move,33262951,8
377,337,512,Move,33262967,8
379,338,512,Move,33262975,8
380,338,512,Move,33262991,8
381,338,512,Move,33263005,8
382,338,512,Move,33263023,8
383,338,512,Move,33263055,8
384,338,512,Move,33263071,8
385,338,512,Move,33263087,8
386,338,512,Move,33263095,8
388,338,512,Move,33263111,8
390,338,512,Move,33263119,8
391,339,512,Move,33263127,8
393,340,512,Move,33263135,8
395,341,512,Move,33263143,8
396,341,512,Move,33263151,8
399,342,512,Move,33263159,8
400,342,512,Move,33263167,8
402,343,512,Move,33263175,8
404,344,512,Move,33263183,8
406,345,512,Move,33263191,8
407,346,512,Move,33263204,8
410,347,512,Move,33263207,8
412,348,512,Move,33263215,8
415,351,512,Move,33263223,8
419,355,512,Move,33263231,8
425,358,512,Move,33263239,8
431,363,512,Move,33263247,8
439,368,512,Move,33263255,8
448,374,512,Move,33263263,8
456,382,512,Move,33263271,8
482,402,512,Move,33263290,8
520,440,512,Move,33263311,8
533,451,512,Move,33263322,8
544,462,512,Move,33263327,8
553,471,512,Move,33263335,8
561,479,512,Move,33263343,8
570,486,512,Move,33263351,8
584,498,512,Move,33263370,8
590,502,512,Move,33263375,8
596,508,512,Move,33263383,8
601,511,512,Move,33263404,8
601,512,512,Move,33263799,8
602,516,512,Move,33263807,8
603,520,512,Move,33263817,8
604,522,512,Move,33263823,8
604,523,512,Move,33263839,8
604,524,512,Move,33263847,8
604,525,512,Move,33263863,8
604,526,512,Move,33263871,8
604,527,512,Move,33263879,8
604,528,512,Move,33263895,8
604,529,512,Move,33263903,8
604,530,512,Move,33263919,8
604,531,512,Move,33263927,8
604,532,512,Move,33263935,8
604,534,512,Move,33263951,8
604,535,512,Move,33263967,8
603,536,512,Move,33263975,8
603,537,512,Move,33263983,8
603,538,512,Move,33263999,8
603,540,512,Move,33264010,8
603,541,512,Move,33264023,8
603,543,512,Move,33264031,8
603,544,512,Move,33264039,8
603,546,512,Move,33264047,8
603,547,512,Move,33264055,8
603,550,512,Move,33264063,8
603,551,512,Move,33264071,8
603,553,512,Move,33264079,8
603,555,512,Move,33264087,8
603,557,512,Move,33264095,8
603,559,512,Move,33264106,8
603,562,512,Move,33264111,8
603,563,512,Move,33264119,8
603,566,512,Move,33264127,8
603,567,512,Move,33264135,8
603,569,512,Move,33264143,8
603,571,512,Move,33264151,8
603,572,512,Move,33264159,8
603,574,512,Move,33264167,8
603,575,512,Move,33264175,8
603,577,512,Move,33264183,8
603,579,512,Move,33264191,8
603,580,512,Move,33264202,8
603,581,512,Move,33264207,8
603,583,512,Move,33264215,8
603,584,512,Move,33264223,8
603,585,512,Move,33264231,8
603,586,512,Move,33264239,8
603,587,512,Move,33264247,8
603,588,512,Move,33264255,8
603,589,512,Move,33264271,8
603,590,512,Move,33264279,8
603,591,512,Move,33264287,8
603,592,512,Move,33264303,8
603,593,512,Move,33264311,8
603,594,512,Move,33264327,8
603,595,512,Move,33264335,8
603,596,512,Move,33264343,8
603,597,512,Move,33264351,8
603,598,512,Move,33264359,8
603,599,512,Move,33264367,8
603,600,512,Move,33264375,8
603,601,512,Move,33264383,8
603,602,512,Move,33264407,8
603,601,512,Move,33264431,8
603,600,512,Move,33264439,8
601,600,512,Move,33264447,8
601,599,512,Move,33264455,8
601,598,512,Move,33264663,8
601,599,512,Move,33264735,8
601,600,512,Move,33264743,8
601,602,512,Move,33264759,8
601,603,512,Move,33264791,8
601,604,512,Move,33264831,8
601,605,512,Move,33264839,8
601,606,512,Move,33264871,8
601,607,512,Move,33264887,8
601,608,512,Move,33264903,8
601,610,512,Move,33264936,8
601,611,512,Move,33264951,8
601,612,512,Move,33264959,8
601,613,512,Move,33264967,8
601,614,512,Move,33264986,8
601,615,512,Move,33264991,8
601,616,512,Move,33265015,8
601,617,512,Move,33265023,8
601,618,512,Move,33265044,8
601,619,512,Move,33265055,8
601,620,512,Move,33265071,8
601,621,512,Move,33265111,8
600,621,512,Move,33265119,8
600,621,513,Pressed,33265431,8
600,621,514,Released,33265575,8
600,621,512,Move,33265587,8
598,621,512,Move,33267415,8
595,616,512,Move,33267423,8
585,604,512,Move,33267431,8
564,577,512,Move,33267451,8
548,557,512,Move,33267455,8
532,536,512,Move,33267463,8
510,508,512,Move,33267471,8
485,477,512,Move,33267479,8
458,439,512,Move,33267487,8
431,398,512,Move,33267495,8
404,361,512,Move,33267505,8
377,320,512,Move,33267511,8
348,279,512,Move,33267519,8
321,242,512,Move,33267527,8
296,210,512,Move,33267535,8
272,184,512,Move,33267543,8
250,162,512,Move,33267551,8
235,144,512,Move,33267559,8
222,131,512,Move,33267567,8
214,120,512,Move,33267575,8
207,111,512,Move,33267583,8
202,105,512,Move,33267591,8
199,99,512,Move,33267601,8
196,96,512,Move,33267607,8
194,94,512,Move,33267615,8
193,93,512,Move,33267623,8
193,91,512,Move,33267631,8
192,90,512,Move,33267639,8
191,89,512,Move,33267655,8
190,88,512,Move,33267663,8
189,87,512,Move,33267671,8
187,86,512,Move,33267679,8
186,86,512,Move,33267687,8
184,84,512,Move,33267697,8
182,82,512,Move,33267703,8
179,80,512,Move,33267711,8
177,78,512,Move,33267719,8
176,75,512,Move,33267727,8
174,72,512,Move,33267735,8
172,68,512,Move,33267743,8
172,67,512,Move,33267751,8
172,64,512,Move,33267759,8
172,61,512,Move,33267767,8
171,59,512,Move,33267775,8
171,58,512,Move,33267783,8
171,57,512,Move,33267793,8
171,56,512,Move,33267799,8
171,55,512,Move,33267815,8
171,56,512,Move,33267895,8
171,57,512,Move,33267905,8
171,58,512,Move,33267919,8
171,60,512,Move,33267927,8
172,60,512,Move,33267935,8
172,62,512,Move,33267943,8
172,63,512,Move,33267951,8
172,64,512,Move,33267967,8
172,64,512,Move,33268494,8
172,64,513,Pressed,33269080,8
172,64,512,Move,33269084,8
172,64,514,Released,33269247,8
172,64,512,Move,33269278,8
172,64,513,Pressed,33270855,8
172,64,514,Released,33270999,8
172,64,512,Move,33271028,8
174,66,512,Move,33271199,8
176,67,512,Move,33271207,8
182,72,512,Move,33271217,8
195,77,512,Move,33271223,8
204,82,512,Move,33271231,8
222,92,512,Move,33271239,8
258,108,512,Move,33271247,8
290,125,512,Move,33271255,8
323,143,512,Move,33271263,8
369,166,512,Move,33271271,8
413,194,512,Move,33271279,8
460,222,512,Move,33271287,8
507,250,512,Move,33271295,8
610,310,512,Move,33271314,8
705,374,512,Move,33271334,8
746,402,512,Move,33271336,8
787,429,512,Move,33271347,8
824,455,512,Move,33271351,8
848,472,512,Move,33271359,8
869,488,512,Move,33271367,8
882,494,512,Move,33271375,8
894,500,512,Move,33271383,8
903,504,512,Move,33271391,8
909,504,512,Move,33271399,8
915,504,512,Move,33271407,8
918,504,512,Move,33271415,8
921,501,512,Move,33271423,8
926,497,512,Move,33271431,8
929,492,512,Move,33271442,8
931,486,512,Move,33271447,8
934,477,512,Move,33271455,8
936,468,512,Move,33271463,8
939,455,512,Move,33271471,8
940,441,512,Move,33271479,8
943,425,512,Move,33271487,8
943,406,512,Move,33271495,8
943,386,512,Move,33271503,8
943,366,512,Move,33271511,8
943,347,512,Move,33271519,8
943,331,512,Move,33271527,8
940,314,512,Move,33271538,8
937,301,512,Move,33271543,8
936,287,512,Move,33271551,8
933,272,512,Move,33271559,8
930,260,512,Move,33271567,8
929,248,512,Move,33271575,8
926,239,512,Move,33271583,8
925,231,512,Move,33271591,8
924,224,512,Move,33271599,8
923,218,512,Move,33271607,8
923,215,512,Move,33271615,8
922,212,512,Move,33271623,8
921,209,512,Move,33271633,8
920,205,512,Move,33271639,8
919,203,512,Move,33271647,8
918,200,512,Move,33271655,8
917,197,512,Move,33271663,8
917,192,512,Move,33271671,8
916,188,512,Move,33271679,8
915,184,512,Move,33271687,8
915,181,512,Move,33271695,8
915,176,512,Move,33271703,8
915,172,512,Move,33271711,8
915,167,512,Move,33271719,8
915,162,512,Move,33271730,8
915,157,512,Move,33271735,8
915,152,512,Move,33271743,8
915,146,512,Move,33271751,8
915,143,512,Move,33271759,8
915,138,512,Move,33271767,8
915,132,512,Move,33271775,8
915,129,512,Move,33271783,8
917,122,512,Move,33271791,8
918,113,512,Move,33271799,8
918,109,512,Move,33271807,8
918,105,512,Move,33271815,8
918,102,512,Move,33271823,8
918,98,512,Move,33271833,8
918,95,512,Move,33271839,8
918,92,512,Move,33271847,8
918,89,512,Move,33271855,8
918,86,512,Move,33271863,8
918,84,512,Move,33271871,8
918,82,512,Move,33271879,8
918,79,512,Move,33271887,8
918,78,512,Move,33271895,8
918,76,512,Move,33271903,8
919,73,512,Move,33271911,8
919,70,512,Move,33271927,8
919,68,512,Move,33271937,8
920,67,512,Move,33271944,8
921,66,512,Move,33271951,8
921,64,512,Move,33271959,8
921,63,512,Move,33271967,8
922,62,512,Move,33271975,8
923,60,512,Move,33271983,8
923,59,512,Move,33271991,8
923,57,512,Move,33271999,8
924,56,512,Move,33272007,8
924,55,160,Move,33272015,25
924,53,160,Move,33272023,25
925,53,160,Move,33272031,25
925,51,160,Move,33272045,25
925,50,160,Move,33272047,25
926,50,160,Move,33272055,25
926,49,160,Move,33272063,25
926,48,160,Move,33272079,25
926,47,160,Move,33272087,25
927,46,160,Move,33272113,25
927,46,160,Move,33272114,25
927,46,161,Pressed,33272199,25
927,46,512,Move,33272202,25
927,46,514,Released,33272303,25
927,46,160,Move,33272306,25
927,46,160,Move,33272306,25
927,46,163,Unknown(163),33272423,25
927,46,160,Move,33272459,25
927,46,160,Move,33272459,25
927,46,162,Released,33272559,25
926,46,160,Move,33272631,25
925,46,160,Move,33272644,25
925,46,160,Move,33272644,25
924,46,160,Move,33272648,25
923,46,160,Move,33272676,25
923,46,160,Move,33272677,25
922,46,160,Move,33272687,25
920,47,160,Move,33272695,25
918,48,160,Move,33272709,25
918,48,160,Move,33272710,25
917,49,160,Move,33272711,25
917,49,160,Move,33272712,25
916,50,160,Move,33272719,25
915,51,160,Move,33272735,25
914,53,160,Move,33272743,25
913,53,512,Move,33272751,25
913,54,512,Move,33272767,25
913,54,512,Move,33272768,25
912,55,512,Move,33273055,25
912,55,512,Move,33273056,25
911,57,512,Move,33273063,25
909,66,512,Move,33273071,25
903,78,512,Move,33273083,25
903,78,512,Move,33273083,25
898,89,512,Move,33273087,25
891,103,512,Move,33273095,25
881,117,512,Move,33273110,25
881,117,512,Move,33273110,25
870,130,512,Move,33273111,25
870,130,512,Move,33273112,25
856,147,512,Move,33273119,25
837,164,512,Move,33273127,25
815,184,160,Move,33273142,25
815,184,160,Move,33273143,25
794,200,512,Move,33273144,25
773,216,512,Move,33273151,25
749,232,512,Move,33273159,25
727,250,512,Move,33273171,25
727,250,512,Move,33273171,25
706,266,512,Move,33273175,25
686,280,512,Move,33273183,25
669,291,512,Move,33273191,25
655,301,160,Move,33273206,25
655,301,160,Move,33273207,25
642,309,512,Move,33273208,25
642,309,512,Move,33273208,25
628,317,512,Move,33273215,25
617,324,512,Move,33273223,25
608,330,512,Move,33273236,25
608,330,512,Move,33273237,25
598,334,512,Move,33273239,25
598,334,512,Move,33273240,25
590,338,512,Move,33273247,25
583,340,512,Move,33273255,25
578,343,512,Move,33273268,25
578,343,512,Move,33273269,25
575,344,512,Move,33273271,25
572,344,512,Move,33273279,25
569,344,512,Move,33273287,25
568,344,512,Move,33273300,25
568,344,512,Move,33273301,25
564,344,512,Move,33273303,25
560,344,512,Move,33273311,25
551,344,512,Move,33273330,25
551,344,512,Move,33273330,25
546,345,512,Move,33273335,25
542,346,512,Move,33273343,25
537,347,512,Move,33273352,25
526,349,512,Move,33273368,25
526,349,512,Move,33273369,25
519,350,512,Move,33273375,25
510,351,512,Move,33273383,25
503,352,512,Move,33273391,25
498,355,512,Move,33273405,25
498,355,512,Move,33273405,25
490,357,512,Move,33273407,25
488,358,512,Move,33273415,25
484,360,512,Move,33273423,25
474,364,512,Move,33273441,25
474,364,512,Move,33273442,25
468,367,512,Move,33273447,25
464,369,512,Move,33273455,25
455,372,512,Move,33273473,25
455,372,512,Move,33273473,25
450,374,512,Move,33273479,25
445,375,512,Move,33273487,25
438,379,512,Move,33273504,25
438,379,512,Move,33273504,25
434,382,512,Move,33273511,25
430,383,512,Move,33273519,25
424,386,512,Move,33273536,25
424,386,512,Move,33273536,25
423,388,512,Move,33273543,25
421,389,512,Move,33273551,25
418,389,512,Move,33273563,25
418,389,512,Move,33273564,25
416,390,512,Move,33273567,25
415,392,512,Move,33273575,25
413,393,512,Move,33273583,25
411,395,512,Move,33273591,25
410,395,512,Move,33273599,25
410,396,512,Move,33273607,25
408,397,512,Move,33273615,25
407,398,512,Move,33273623,25
406,398,512,Move,33273647,25
406,398,512,Move,33273648,25
405,398,512,Move,33273663,25
404,399,512,Move,33273680,25
404,399,512,Move,33273681,25
404,400,512,Move,33273695,25
403,400,512,Move,33273703,25
402,401,512,Move,33273711,25
402,402,512,Move,33273719,25
401,402,512,Move,33273727,25
401,403,512,Move,33273783,25
401,404,512,Move,33273799,25
401,405,512,Move,33273815,25
401,406,512,Move,33273823,25
401,407,512,Move,33273840,25
401,407,512,Move,33273840,25
401,408,512,Move,33273855,25
401,409,512,Move,33273868,25
401,409,512,Move,33273868,25
401,410,512,Move,33273879,25
401,411,160,Move,33273887,25
401,412,160,Move,33273911,25
401,413,160,Move,33273919,25
401,414,160,Move,33273927,25
401,415,160,Move,33274014,25
401,415,160,Move,33274015,25
401,416,160,Move,33274079,25
401,417,160,Move,33274111,25
401,418,160,Move,33274143,25
401,419,160,Move,33274225,25
401,419,160,Move,33274226,25
401,420,160,Move,33274231,25
401,420,161,Pressed,33274519,25
402,420,512,Move,33274719,25
403,420,512,Move,33274736,25
406,420,512,Move,33274752,25
410,420,512,Move,33274769,25
412,420,512,Move,33274787,25
413,420,512,Move,33274803,25
413,420,512,Move,33274819,25
414,420,512,Move,33274991,25
415,420,512,Move,33275007,25
417,420,512,Move,33275023,25
426,420,512,Move,33275039,25
432,420,512,Move,33275055,25
437,420,512,Move,33275072,25
441,421,512,Move,33275089,25
443,421,512,Move,33275106,25
444,421,512,Move,33275124,25
447,421,512,Move,33275150,25
452,421,512,Move,33275167,25
457,421,512,Move,33275186,25
460,421,512,Move,33275204,25
462,421,512,Move,33275220,25
464,421,512,Move,33275236,25
465,421,512,Move,33275252,25
465,421,512,Move,33275270,25
466,421,512,Move,33275279,25
466,421,512,Move,33275296,25
467,421,512,Move,33275463,25
468,421,512,Move,33275481,25
470,421,512,Move,33275498,25
471,421,512,Move,33275515,25
473,421,512,Move,33275531,25
474,421,512,Move,33275547,25
475,421,512,Move,33275565,25
476,421,512,Move,33275582,25
478,421,512,Move,33275600,25
480,421,512,Move,33275628,25
482,421,512,Move,33275643,25
483,421,512,Move,33275660,25
486,421,512,Move,33275678,25
487,421,512,Move,33275694,25
489,421,512,Move,33275710,25
492,421,512,Move,33275728,25
495,421,512,Move,33275745,25
497,421,512,Move,33275761,25
499,421,512,Move,33275779,25
499,421,512,Move,33275795,25
500,421,512,Move,33275806,25
503,421,512,Move,33275832,25
503,421,512,Move,33275848,25
504,421,512,Move,33275855,25
505,421,512,Move,33275872,25
507,421,512,Move,33275888,25
507,421,512,Move,33275904,25
507,421,514,Released,33276415,25
507,421,160,Move,33276416,25
507,421,160,Move,33276416,25
508,421,160,Move,33276455,25
508,420,160,Move,33276463,25
510,418,160,Move,33276471,25
513,416,160,Move,33276479,25
516,414,160,Move,33276487,25
518,413,160,Move,33276495,25
524,409,512,Move,33276503,25
527,406,512,Move,33276511,25
533,403,512,Move,33276519,25
539,398,512,Move,33276527,25
546,393,512,Move,33276535,25
557,388,512,Move,33276543,25
566,381,512,Move,33276551,25
577,374,512,Move,33276559,25
586,368,512,Move,33276567,25
593,363,512,Move,33276575,25
599,358,512,Move,33276583,25
605,355,512,Move,33276591,25
608,353,512,Move,33276599,25
611,351,512,Move,33276607,25
614,349,512,Move,33276615,25
615,348,512,Move,33276631,25
616,347,512,Move,33276639,25
616,346,512,Move,33276671,25
617,346,512,Move,33276687,25
618,345,512,Move,33276695,25
619,344,512,Move,33276703,25
620,343,512,Move,33276711,25
621,343,512,Move,33276719,25
622,341,512,Move,33276727,25
624,340,512,Move,33276735,25
627,338,512,Move,33276743,25
630,337,512,Move,33276751,25
631,336,512,Move,33276759,25
633,335,512,Move,33276767,25
636,335,512,Move,33276775,25
638,334,512,Move,33276783,25
639,333,512,Move,33276791,25
641,332,512,Move,33276799,25
643,331,512,Move,33276807,25
645,330,512,Move,33276819,25
645,330,512,Move,33276820,25
646,329,512,Move,33276823,25
648,329,512,Move,33276831,25
648,328,512,Move,33276839,25
649,327,512,Move,33276847,25
651,327,160,Move,33276855,25
651,326,160,Move,33276863,25
651,325,160,Move,33276871,25
652,325,160,Move,33276882,25
652,325,160,Move,33276883,25
653,324,160,Move,33276887,25
654,324,160,Move,33276903,25
655,324,160,Move,33276915,25
655,324,160,Move,33276915,25
655,323,160,Move,33276919,25
656,323,160,Move,33276959,25
657,323,160,Move,33277009,25
657,323,160,Move,33277009,25
657,322,160,Move,33277015,25
657,322,161,Pressed,33277127,25
657,321,512,Move,33277159,25
657,320,512,Move,33277167,25
657,319,512,Move,33277183,25
657,318,512,Move,33277191,25
657,317,512,Move,33277199,25
657,316,512,Move,33277207,25
657,314,512,Move,33277215,25
657,312,512,Move,33277223,25
657,309,512,Move,33277231,25
657,307,512,Move,33277239,25
657,305,512,Move,33277247,25
657,302,512,Move,33277255,25
657,299,512,Move,33277263,25
656,297,512,Move,33277271,25
655,294,512,Move,33277283,25
655,290,512,Move,33277299,25
654,287,512,Move,33277303,25
654,285,512,Move,33277311,25
654,283,512,Move,33277319,25
654,280,512,Move,33277327,25
654,277,512,Move,33277335,25
654,276,512,Move,33277343,25
654,274,512,Move,33277351,25
654,272,512,Move,33277359,25
654,271,512,Move,33277376,25
654,270,512,Move,33277386,25
654,269,512,Move,33277391,25
654,268,512,Move,33277399,25
654,267,512,Move,33277418,25
654,266,512,Move,33277439,25
654,265,512,Move,33277455,25
654,264,512,Move,33277479,25
654,263,512,Move,33277519,25
654,262,512,Move,33277551,25
654,262,514,Released,33277727,25
654,262,160,Move,33277728,25
654,262,160,Move,33277728,25
653,263,160,Move,33277816,25
653,263,160,Move,33277816,25
652,265,160,Move,33277823,25
650,268,512,Move,33277831,25
649,269,512,Move,33277842,25
649,269,512,Move,33277842,25
647,271,512,Move,33277847,25
645,274,512,Move,33277855,25
643,278,512,Move,33277863,25
640,280,512,Move,33277873,25
640,280,512,Move,33277874,25
636,286,512,Move,33277879,25
631,292,512,Move,33277887,25
625,300,512,Move,33277895,25
617,306,512,Move,33277905,25
617,306,512,Move,33277906,25
609,313,512,Move,33277911,25
602,319,512,Move,33277919,25
591,326,512,Move,33277927,25
582,333,512,Move,33277937,25
582,333,512,Move,33277937,25
574,339,512,Move,33277943,25
567,344,512,Move,33277951,25
559,350,512,Move,33277959,25
550,355,512,Move,33277971,25
550,355,512,Move,33277971,25
541,361,512,Move,33277975,25
535,363,512,Move,33277983,25
530,365,512,Move,33277991,25
526,367,512,Move,33278003,25
526,367,512,Move,33278003,25
521,369,512,Move,33278007,25
520,370,512,Move,33278015,25
514,374,512,Move,33278034,25
514,374,512,Move,33278034,25
512,376,512,Move,33278039,25
511,377,512,Move,33278047,25
510,377,512,Move,33278060,25
510,377,512,Move,33278061,25
509,378,512,Move,33278063,25
508,379,512,Move,33278071,25
506,380,512,Move,33278080,25
504,381,512,Move,33278089,25
504,381,512,Move,33278090,25
502,382,512,Move,33278095,25
502,383,512,Move,33278103,25
500,385,512,Move,33278111,25
498,386,512,Move,33278123,25
498,386,512,Move,33278124,25
498,387,512,Move,33278127,25
496,388,512,Move,33278135,25
495,389,512,Move,33278143,25
494,389,512,Move,33278155,25
494,389,512,Move,33278155,25
494,390,512,Move,33278159,25
493,391,512,Move,33278167,25
492,391,512,Move,33278175,25
491,391,512,Move,33278187,25
491,391,512,Move,33278187,25
491,392,512,Move,33278192,25
490,392,512,Move,33278199,25
489,393,512,Move,33278219,25
489,393,512,Move,33278220,25
489,394,512,Move,33278231,25
488,394,512,Move,33278247,25
488,394,512,Move,33278248,25
487,395,512,Move,33278263,25
487,396,512,Move,33278271,25
486,396,512,Move,33278281,25
486,396,512,Move,33278282,25
484,398,512,Move,33278309,25
484,398,512,Move,33278309,25
482,401,512,Move,33278321,25
482,401,512,Move,33278322,25
481,403,512,Move,33278327,25
480,404,512,Move,33278335,25
478,406,512,Move,33278347,25
478,406,512,Move,33278348,25
478,407,512,Move,33278351,25
477,407,512,Move,33278359,25
476,409,512,Move,33278367,25
475,410,512,Move,33278379,25
475,410,512,Move,33278379,25
474,411,160,Move,33278391,25
474,412,160,Move,33278399,25
474,413,160,Move,33278413,25
474,413,160,Move,33278414,25
474,414,160,Move,33278679,25
474,414,160,Move,33278680,25
474,414,161,Pressed,33278807,25
473,414,512,Move,33278911,25
471,414,512,Move,33278931,25
461,414,512,Move,33278951,25
454,414,512,Move,33278971,25
440,414,512,Move,33278993,25
434,413,512,Move,33279012,25
423,413,512,Move,33279032,25
416,413,512,Move,33279051,25
411,413,512,Move,33279083,25
408,413,512,Move,33279103,25
406,413,512,Move,33279123,25
405,413,512,Move,33279143,25
404,413,512,Move,33279162,25
403,413,512,Move,33279182,25
403,413,512,Move,33279203,25
402,413,512,Move,33279255,25
402,413,512,Move,33279274,25
401,413,512,Move,33279311,25
400,413,512,Move,33279331,25
399,413,512,Move,33279350,25
398,413,512,Move,33279369,25
398,413,512,Move,33279389,25
397,413,512,Move,33279916,25
390,413,512,Move,33279935,25
384,413,512,Move,33279955,25
376,413,512,Move,33279974,25
366,413,512,Move,33279994,25
362,413,512,Move,33280017,25
358,413,512,Move,33280049,25
357,413,512,Move,33280070,25
356,413,512,Move,33280076,25
355,413,512,Move,33280079,25
354,413,512,Move,33280119,25
353,413,512,Move,33280279,25
351,413,512,Move,33280314,25
350,413,512,Move,33280319,25
352,413,512,Move,33280751,25
356,413,512,Move,33280766,25
362,413,512,Move,33280767,25
376,414,512,Move,33280787,25
400,414,512,Move,33280807,25
417,414,512,Move,33280828,25
427,414,512,Move,33280848,25
429,414,512,Move,33280867,25
430,414,512,Move,33280886,25
430,414,512,Move,33280906,25
431,414,512,Move,33280927,25
433,414,512,Move,33280946,25
435,414,512,Move,33280965,25
441,414,512,Move,33280985,25
445,414,512,Move,33281006,25
452,414,512,Move,33281025,25
458,414,512,Move,33281045,25
470,414,512,Move,33281066,25
474,414,512,Move,33281086,25
479,414,512,Move,33281106,25
488,414,512,Move,33281139,25
492,414,512,Move,33281158,25
497,414,512,Move,33281179,25
499,414,512,Move,33281200,25
499,414,512,Move,33281221,25
501,414,512,Move,33281232,25
503,414,512,Move,33281252,25
506,414,512,Move,33281273,25
507,414,512,Move,33281293,25
508,414,512,Move,33281317,25
508,414,512,Move,33281346,25
508,414,514,Released,33281495,25
508,414,160,Move,33281496,25
508,414,160,Move,33281496,25
509,414,160,Move,33281543,25
511,414,160,Move,33281564,25
511,414,160,Move,33281564,25
512,414,160,Move,33281567,25
514,414,160,Move,33281575,25
516,414,160,Move,33281583,25
518,414,160,Move,33281591,25
518,414,160,Move,33281592,25
522,414,160,Move,33281600,25
526,414,160,Move,33281607,25
530,412,160,Move,33281619,25
530,412,160,Move,33281620,25
534,411,160,Move,33281623,25
539,408,512,Move,33281631,25
539,408,512,Move,33281632,25
547,406,512,Move,33281639,25
554,401,512,Move,33281647,25
560,396,512,Move,33281655,25
568,391,512,Move,33281663,25
575,385,512,Move,33281671,25
581,380,512,Move,33281680,25
581,380,512,Move,33281681,25
588,372,512,Move,33281687,25
594,366,512,Move,33281695,25
600,361,512,Move,33281703,25
606,356,512,Move,33281711,25
611,350,512,Move,33281719,25
617,346,512,Move,33281727,25
621,342,512,Move,33281735,25
625,339,512,Move,33281743,25
628,336,512,Move,33281751,25
630,332,512,Move,33281762,25
630,332,512,Move,33281762,25
633,329,512,Move,33281767,25
635,326,512,Move,33281775,25
637,324,512,Move,33281783,25
639,322,512,Move,33281793,25
639,322,512,Move,33281794,25
640,319,512,Move,33281799,25
641,317,512,Move,33281807,25
642,317,512,Move,33281815,25
642,314,512,Move,33281825,25
642,314,512,Move,33281826,25
642,313,512,Move,33281831,25
642,312,512,Move,33281852,25
642,312,512,Move,33281852,25
642,311,512,Move,33281855,25
642,310,512,Move,33281871,25
642,309,512,Move,33281887,25
642,308,512,Move,33281895,25
642,307,512,Move,33281903,25
643,306,512,Move,33281919,25
643,305,512,Move,33281927,25
643,304,512,Move,33281935,25
644,303,512,Move,33281959,25
645,302,512,Move,33281967,25
645,301,512,Move,33281975,25
645,300,512,Move,33281991,25
645,299,512,Move,33281999,25
645,298,512,Move,33282023,25
646,298,512,Move,33282055,25
647,298,512,Move,33282063,25
647,297,512,Move,33282071,25
648,297,512,Move,33282079,25
649,296,512,Move,33282087,25
650,296,512,Move,33282103,25
650,296,512,Move,33282104,25
652,296,160,Move,33282111,25
653,296,160,Move,33282131,25
653,296,160,Move,33282132,25
654,296,160,Move,33282143,25
654,295,160,Move,33282159,25
655,295,160,Move,33282200,25
655,295,160,Move,33282201,25
656,295,160,Move,33282231,25
656,295,161,Pressed,33282304,25
656,296,512,Move,33282358,25
656,297,512,Move,33282375,25
656,299,512,Move,33282376,25
656,300,512,Move,33282383,25
656,301,512,Move,33282391,25
656,303,512,Move,33282399,25
656,304,512,Move,33282407,25
656,306,512,Move,33282415,25
656,308,512,Move,33282423,25
656,310,512,Move,33282431,25
656,311,512,Move,33282439,25
656,312,512,Move,33282447,25
656,314,512,Move,33282455,25
656,316,512,Move,33282471,25
656,318,512,Move,33282479,25
656,320,512,Move,33282495,25
656,321,512,Move,33282503,25
656,322,512,Move,33282511,25
656,323,512,Move,33282519,25
656,324,512,Move,33282527,25
656,325,512,Move,33282535,25
656,326,512,Move,33282543,25
656,327,512,Move,33282551,25
656,328,512,Move,33282559,25
656,329,512,Move,33282567,25
656,330,512,Move,33282583,25
656,331,512,Move,33282591,25
656,332,512,Move,33282607,25
656,333,512,Move,33282623,25
656,334,512,Move,33282631,25
656,335,512,Move,33282671,25
656,336,512,Move,33282695,25
656,337,512,Move,33282735,25
656,338,512,Move,33282767,25
656,338,512,Move,33282777,25
656,339,512,Move,33282807,25
656,340,512,Move,33282951,25
656,341,512,Move,33282967,25
656,342,512,Move,33283015,25
656,343,512,Move,33283047,25
656,344,512,Move,33283087,25
656,345,512,Move,33283111,25
656,346,512,Move,33283119,25
656,346,514,Released,33283184,25
656,346,160,Move,33283184,25
656,346,160,Move,33283185,25
657,346,160,Move,33283231,25
658,345,160,Move,33283239,25
659,344,160,Move,33283248,25
659,344,160,Move,33283249,25
663,341,160,Move,33283255,25
663,341,160,Move,33283256,25
668,338,512,Move,33283263,25
674,333,512,Move,33283271,25
680,328,512,Move,33283279,25
687,322,512,Move,33283287,25
697,315,512,Move,33283295,25
706,309,512,Move,33283303,25
715,301,512,Move,33283311,25
724,293,512,Move,33283319,25
734,282,512,Move,33283327,25
743,272,512,Move,33283335,25
753,263,512,Move,33283343,25
765,255,512,Move,33283351,25
798,230,512,Move,33283376,25
798,230,512,Move,33283377,25
808,221,512,Move,33283383,25
818,215,512,Move,33283391,25
825,209,512,Move,33283399,25
833,203,512,Move,33283407,25
840,198,160,Move,33283415,25
846,194,160,Move,33283423,25
846,194,160,Move,33283427,25
846,194,160,Move,33283430,25
851,191,160,Move,33283431,25
853,188,160,Move,33283439,25
856,186,160,Move,33283447,25
859,184,160,Move,33283455,25
862,182,160,Move,33283463,25
864,181,160,Move,33283471,25
865,180,160,Move,33283479,25
866,179,160,Move,33283487,25
867,178,512,Move,33283495,25
868,178,512,Move,33283503,25
869,177,512,Move,33283512,25
871,176,512,Move,33283519,25
872,175,512,Move,33283527,25
874,174,512,Move,33283535,25
878,172,512,Move,33283544,25
878,172,512,Move,33283545,25
881,169,512,Move,33283551,25
885,167,512,Move,33283559,25
891,165,512,Move,33283567,25
895,163,512,Move,33283577,25
895,163,512,Move,33283578,25
898,162,512,Move,33283583,25
902,160,512,Move,33283591,25
905,158,512,Move,33283605,25
905,158,512,Move,33283605,25
906,157,512,Move,33283607,25
908,156,512,Move,33283615,25
911,155,512,Move,33283623,25
911,154,512,Move,33283635,25
911,154,512,Move,33283635,25
913,152,512,Move,33283639,25
915,151,512,Move,33283647,25
918,149,512,Move,33283655,25
920,147,512,Move,33283667,25
920,147,512,Move,33283668,25
922,145,512,Move,33283671,25
924,144,512,Move,33283679,25
924,144,512,Move,33283685,25
927,142,512,Move,33283687,25
927,142,512,Move,33283688,25
927,142,512,Move,33283689,25
927,142,512,Move,33283691,25
930,140,512,Move,33283703,25
930,140,512,Move,33283704,25
932,138,512,Move,33283711,25
934,135,512,Move,33283742,25
937,133,512,Move,33283743,25
939,131,512,Move,33283743,25
940,130,512,Move,33283755,25
940,130,512,Move,33283756,25
941,129,512,Move,33283759,25
942,128,512,Move,33283775,25
943,127,512,Move,33283791,25
943,128,512,Move,33283863,25
943,129,512,Move,33283864,25
943,130,512,Move,33283871,25
943,132,512,Move,33283879,25
943,134,512,Move,33283892,25
943,134,512,Move,33283893,25
942,137,512,Move,33283895,25
942,141,512,Move,33283903,25
939,146,512,Move,33283911,25
938,152,512,Move,33283925,25
938,152,512,Move,33283925,25
937,153,512,Move,33283927,25
937,154,512,Move,33283935,25
936,154,512,Move,33284356,25
936,154,512,Move,33284357,25
935,152,512,Move,33284369,25
935,152,512,Move,33284370,25
934,151,512,Move,33284380,25
934,151,512,Move,33284381,25
933,150,512,Move,33284383,25
933,147,512,Move,33284391,25
933,143,512,Move,33284399,25
934,139,512,Move,33284407,25
936,134,512,Move,33284415,25
937,129,512,Move,33284426,25
937,129,512,Move,33284427,25
938,125,512,Move,33284431,25
939,121,512,Move,33284439,25
939,121,512,Move,33284447,25
939,118,512,Move,33284448,25
939,118,512,Move,33284448,25
941,115,512,Move,33284458,25
941,115,512,Move,33284459,25
942,113,512,Move,33284463,25
943,111,512,Move,33284471,25
945,108,512,Move,33284486,25
945,108,512,Move,33284487,25
946,106,512,Move,33284488,25
946,106,512,Move,33284488,25
947,105,512,Move,33284495,25
948,103,512,Move,33284503,25
948,101,512,Move,33284518,25
949,101,512,Move,33284519,25
950,100,512,Move,33284527,25
950,99,512,Move,33284535,25
950,98,512,Move,33284550,25
950,98,512,Move,33284551,25
950,97,512,Move,33284551,25
950,97,512,Move,33284552,25
950,96,512,Move,33284559,25
950,95,512,Move,33284567,25
950,94,512,Move,33284584,25
950,94,512,Move,33284584,25
950,93,512,Move,33284591,25
950,92,512,Move,33284609,25
950,92,512,Move,33284610,25
950,92,512,Move,33284618,25
950,92,512,Move,33284619,25
950,91,512,Move,33284623,25
950,90,512,Move,33284642,25
950,90,512,Move,33284643,25
951,89,512,Move,33284647,25
951,88,512,Move,33284655,25
951,87,512,Move,33284679,25
951,87,512,Move,33284974,25
951,87,512,Move,33285446,25
951,87,512,Move,33285446,25
952,87,512,Move,33287767,25
953,87,512,Move,33287791,25
954,87,512,Move,33287855,25
955,87,512,Move,33287903,25
955,86,512,Move,33287911,25
955,85,512,Move,33287927,25
955,84,512,Move,33287935,25
955,83,512,Move,33287951,25
955,82,512,Move,33287960,25
955,81,512,Move,33287983,25
956,81,512,Move,33287991,25
956,80,512,Move,33287999,25
956,79,512,Move,33288007,25
956,78,512,Move,33288015,25
956,77,512,Move,33288034,25
956,77,512,Move,33288035,25
956,76,512,Move,33288047,25
956,75,512,Move,33288055,25
956,74,512,Move,33288079,25
956,73,512,Move,33288087,25
956,72,512,Move,33288103,25
956,71,512,Move,33288111,25
956,70,512,Move,33288119,25
956,69,512,Move,33288127,25
956,68,512,Move,33288135,25
956,67,512,Move,33288143,25
956,66,512,Move,33288159,25
956,65,512,Move,33288167,25
956,64,512,Move,33288191,25
956,63,512,Move,33288207,25
956,62,512,Move,33288223,25
956,61,512,Move,33288263,25
956,60,512,Move,33288287,25
956,59,512,Move,33288319,25
956,58,512,Move,33288335,25
956,57,512,Move,33288351,25
956,56,512,Move,33288399,25
957,55,512,Move,33288407,25
958,55,512,Move,33288415,25
959,54,512,Move,33288431,25
961,53,512,Move,33288440,25
962,52,512,Move,33288447,25
964,51,512,Move,33288455,25
965,51,512,Move,33288463,25
966,50,512,Move,33288471,25
967,50,512,Move,33288479,25
968,49,512,Move,33288487,25
969,49,512,Move,33288497,25
969,49,512,Move,33288498,25
969,48,512,Move,33288503,25
970,48,512,Move,33288511,25
971,47,512,Move,33288519,25
972,46,512,Move,33288535,25
973,45,160,Move,33288543,25
974,44,160,Move,33288551,25
975,43,160,Move,33288567,25
976,43,160,Move,33288575,25
976,42,160,Move,33288583,25
976,41,160,Move,33288599,25
976,40,160,Move,33288615,25
976,39,160,Move,33288631,25
976,38,160,Move,33288647,25
976,37,160,Move,33288663,25
976,36,160,Move,33288687,25
976,36,161,Pressed,33288839,25
976,36,514,Released,33289215,25
976,36,512,Move,33289218,8
976,36,512,Move,33289236,8
975,36,512,Move,33289348,8
974,36,512,Move,33289351,8
973,36,512,Move,33289367,8
972,37,512,Move,33289385,8
970,39,512,Move,33289391,8
969,40,512,Move,33289399,8
966,43,512,Move,33289407,8
964,47,512,Move,33289415,8
961,52,512,Move,33289423,8
957,56,512,Move,33289431,8
952,61,512,Move,33289444,8
946,68,512,Move,33289447,8
940,73,512,Move,33289455,8
935,76,512,Move,33289463,8
926,83,512,Move,33289471,8
919,89,512,Move,33289479,8
909,96,512,Move,33289487,8
900,104,512,Move,33289495,8
891,110,512,Move,33289503,8
882,118,512,Move,33289511,8
871,129,512,Move,33289519,8
861,139,512,Move,33289527,8
849,151,512,Move,33289540,8
836,164,512,Move,33289543,8
825,175,512,Move,33289551,8
814,186,512,Move,33289559,8
803,199,512,Move,33289567,8
790,211,512,Move,33289575,8
779,221,512,Move,33289583,8
770,230,512,Move,33289591,8
760,240,512,Move,33289599,8
740,260,512,Move,33289619,8
720,278,512,Move,33289639,8
712,284,512,Move,33289641,8
701,291,512,Move,33289653,8
692,300,512,Move,33289655,8
682,309,512,Move,33289663,8
676,317,512,Move,33289671,8
668,325,512,Move,33289679,8
661,333,512,Move,33289687,8
653,339,512,Move,33289695,8
648,345,512,Move,33289703,8
642,350,512,Move,33289711,8
639,354,512,Move,33289719,8
636,359,512,Move,33289727,8
634,361,512,Move,33289735,8
632,365,512,Move,33289746,8
631,366,512,Move,33289751,8
632,366,512,Move,33290111,8
631,365,512,Move,33290119,8
630,365,512,Move,33290136,8
630,364,512,Move,33290151,8
629,364,512,Move,33290159,8
628,364,512,Move,33290175,8
627,365,512,Move,33290183,8
626,365,512,Move,33290191,8
625,365,512,Move,33290223,8
624,365,512,Move,33290271,8
623,365,512,Move,33290295,8
623,366,512,Move,33290311,8
622,366,512,Move,33290319,8
622,367,512,Move,33290343,8
621,367,512,Move,33290363,8
621,368,512,Move,33290367,8
621,369,512,Move,33290375,8
620,369,512,Move,33290386,8
620,371,512,Move,33290399,8
618,373,512,Move,33290407,8
617,375,512,Move,33290415,8
616,377,512,Move,33290423,8
616,379,512,Move,33290434,8
615,380,512,Move,33290439,8
615,382,512,Move,33290447,8
614,385,512,Move,33290455,8
613,388,512,Move,33290474,8
613,391,512,Move,33290479,8
612,392,512,Move,33290487,8
612,394,512,Move,33290495,8
612,398,512,Move,33290503,8
612,400,512,Move,33290511,8
612,403,512,Move,33290519,8
612,405,512,Move,33290534,8
612,407,512,Move,33290535,8
612,410,512,Move,33290543,8
612,411,512,Move,33290551,8
613,413,512,Move,33290559,8
613,414,512,Move,33290567,8
613,415,512,Move,33290575,8
613,417,512,Move,33290583,8
613,419,512,Move,33290603,8
613,420,512,Move,33290607,8
613,421,512,Move,33290615,8
613,422,512,Move,33290634,8
613,423,512,Move,33290639,8
613,423,522,Unknown(522),33290975,25
613,423,522,Unknown(522),33290999,25
613,423,522,Unknown(522),33291015,25
613,423,522,Unknown(522),33291031,25
613,423,522,Unknown(522),33291055,25
613,423,522,Unknown(522),33291079,25
614,423,512,Move,33291727,8
616,423,512,Move,33291738,8
619,423,512,Move,33291743,8
621,422,512,Move,33291751,8
623,422,512,Move,33291759,8
626,421,512,Move,33291767,8
628,421,512,Move,33291775,8
631,421,512,Move,33291783,8
634,420,512,Move,33291791,8
637,419,512,Move,33291799,8
640,419,512,Move,33291807,8
643,418,512,Move,33291815,8
646,418,512,Move,33291823,8
650,417,512,Move,33291839,8
655,417,512,Move,33291840,8
659,416,512,Move,33291847,8
666,414,512,Move,33291855,8
679,411,512,Move,33291875,8
684,411,512,Move,33291879,8
689,409,512,Move,33291887,8
693,408,512,Move,33291895,8
697,407,512,Move,33291903,8
702,407,512,Move,33291911,8
706,406,512,Move,33291919,8
709,406,512,Move,33291927,8
712,405,512,Move,33291939,8
715,405,512,Move,33291943,8
719,405,512,Move,33291951,8
723,405,512,Move,33291959,8
728,405,512,Move,33291967,8
731,405,512,Move,33291975,8
735,405,512,Move,33291983,8
740,405,512,Move,33291991,8
744,405,512,Move,33291999,8
749,405,512,Move,33292007,8
753,405,512,Move,33292015,8
757,405,512,Move,33292023,8
766,405,512,Move,33292040,8
771,405,512,Move,33292047,8
778,405,512,Move,33292055,8
783,405,512,Move,33292063,8
790,405,512,Move,33292071,8
795,405,512,Move,33292079,8
804,405,512,Move,33292087,8
809,405,512,Move,33292095,8
816,405,512,Move,33292103,8
822,405,512,Move,33292111,8
829,405,512,Move,33292119,8
836,405,512,Move,33292127,8
840,405,512,Move,33292141,8
843,405,512,Move,33292143,8
847,405,512,Move,33292151,8
851,405,512,Move,33292159,8
854,405,512,Move,33292167,8
857,405,512,Move,33292175,8
860,405,512,Move,33292183,8
863,405,512,Move,33292191,8
865,405,512,Move,33292199,8
869,404,512,Move,33292207,8
872,404,512,Move,33292215,8
874,404,512,Move,33292223,8
876,404,512,Move,33292231,8
879,404,512,Move,33292242,8
881,404,512,Move,33292247,8
885,405,512,Move,33292255,8
888,406,512,Move,33292263,8
891,408,512,Move,33292271,8
894,411,512,Move,33292279,8
896,415,512,Move,33292287,8
898,418,512,Move,33292295,8
900,422,512,Move,33292303,8
902,429,512,Move,33292311,8
906,437,512,Move,33292319,8
910,447,512,Move,33292327,8
916,466,512,Move,33292344,8
922,478,512,Move,33292351,8
924,492,512,Move,33292359,8
928,504,512,Move,33292367,8
932,516,512,Move,33292375,8
934,528,512,Move,33292390,8
935,538,512,Move,33292391,8
936,548,512,Move,33292399,8
937,557,512,Move,33292407,8
937,564,512,Move,33292415,8
937,565,512,Move,33292423,8
935,567,512,Move,33292711,8
932,568,512,Move,33292719,8
931,568,512,Move,33292727,8
928,568,512,Move,33292735,8
927,569,512,Move,33292747,8
926,571,512,Move,33292751,8
925,572,512,Move,33292759,8
923,576,512,Move,33292767,8
920,581,512,Move,33292775,8
919,586,512,Move,33292783,8
918,591,512,Move,33292791,8
917,602,512,Move,33292799,8
916,610,512,Move,33292807,8
915,620,512,Move,33292815,8
913,629,512,Move,33292823,8
913,639,512,Move,33292831,8
913,649,512,Move,33292839,8
911,659,512,Move,33292850,8
909,670,512,Move,33292855,8
906,677,512,Move,33292863,8
904,687,512,Move,33292871,8
900,695,512,Move,33292879,8
899,702,512,Move,33292887,8
899,707,512,Move,33292895,8
897,712,512,Move,33292903,8
896,715,512,Move,33292911,8
896,718,512,Move,33292919,8
895,720,512,Move,33292927,8
895,722,512,Move,33292935,8
895,724,512,Move,33292949,8
894,724,512,Move,33292951,8
894,725,512,Move,33292959,8
894,726,512,Move,33292967,8
893,727,512,Move,33292975,8
893,728,512,Move,33292983,8
892,729,512,Move,33292991,8
892,730,512,Move,33293007,8
891,732,512,Move,33293015,8
890,733,512,Move,33293023,8
890,735,512,Move,33293031,8
890,737,512,Move,33293039,8
889,738,160,Move,33293055,2
889,740,160,Move,33293063,2
889,741,160,Move,33293079,2
889,742,512,Move,33293087,2
888,742,512,Move,33293095,2
888,743,512,Move,33293103,2
888,745,512,Move,33293111,2
887,746,512,Move,33293127,2
887,747,512,Move,33293135,2
887,748,512,Move,33293159,2
887,749,512,Move,33293175,2
887,750,512,Move,33293183,2
889,750,512,Move,33293231,2
889,751,512,Move,33293239,2
890,751,512,Move,33293247,2
891,751,512,Move,33293255,2
892,752,512,Move,33293263,2
893,752,512,Move,33293271,2
895,752,512,Move,33293279,2
897,753,512,Move,33293287,2
899,753,512,Move,33293295,2
902,753,512,Move,33293303,2
905,753,512,Move,33293311,2
908,753,512,Move,33293319,2
912,753,512,Move,33293327,2
916,754,512,Move,33293335,2
919,754,512,Move,33293343,2
920,754,512,Move,33293351,2
921,754,512,Move,33293359,2
923,754,512,Move,33293367,2
924,754,512,Move,33293383,2
923,754,512,Move,33293511,2
922,754,512,Move,33293519,2
921,754,512,Move,33293527,2
920,754,512,Move,33293535,2
918,754,512,Move,33293543,2
917,754,512,Move,33293551,2
914,754,512,Move,33293559,2
911,754,512,Move,33293567,2
909,754,512,Move,33293575,2
908,754,512,Move,33293583,2
907,754,512,Move,33293591,2
906,754,512,Move,33293615,2
905,754,512,Move,33293623,2
904,754,512,Move,33293655,2
903,754,512,Move,33293671,2
902,754,512,Move,33293679,2
901,754,512,Move,33293695,2
900,754,512,Move,33293703,2
899,754,512,Move,33293719,2
898,754,512,Move,33293807,2
897,754,512,Move,33293815,2
897,753,512,Move,33293823,2
896,753,512,Move,33293831,2
895,753,512,Move,33293839,2
894,752,512,Move,33293847,2
892,752,512,Move,33293863,2
891,752,512,Move,33293872,2
890,752,512,Move,33293887,2
890,751,512,Move,33293895,2
890,751,512,Move,33294113,2
891,751,512,Move,33294391,2
892,751,512,Move,33294415,2
892,751,513,Pressed,33294759,2
892,751,512,Move,33294766,2
892,751,512,Move,33294767,2
892,751,514,Released,33294871,2
892,751,512,Move,33294872,2
892,751,512,Move,33294976,2
892,751,512,Move,33294979,2
892,751,512,Move,33294981,2
892,751,512,Move,33294982,2
892,751,512,Move,33294984,2
892,751,512,Move,33294985,2
892,751,512,Move,33294986,2
892,751,512,Move,33294987,2
892,751,512,Move,33294988,2
892,751,512,Move,33294989,2
892,751,512,Move,33294991,2
892,751,512,Move,33294992,2
892,751,512,Move,33294993,2
892,751,512,Move,33294994,2
892,751,512,Move,33294996,2
892,751,515,doubleclick,33295015,2
892,751,512,Move,33295019,2
892,751,512,Move,33295022,2
892,751,512,Move,33295035,2
892,751,512,Move,33295037,2
892,751,512,Move,33295040,2
892,751,514,Released,33295151,2
892,751,512,Move,33295152,2
892,751,512,Move,33295159,2
891,750,512,Move,33295383,2
889,749,512,Move,33295391,2
886,747,512,Move,33295399,2
883,746,512,Move,33295407,2
877,744,512,Move,33295415,2
873,741,160,Move,33295423,2
867,738,160,Move,33295431,2
860,735,512,Move,33295439,8
852,732,512,Move,33295447,8
842,727,512,Move,33295455,8
831,723,512,Move,33295465,8
808,711,512,Move,33295480,8
794,704,512,Move,33295487,8
781,697,512,Move,33295495,8
767,689,512,Move,33295503,8
750,678,512,Move,33295511,8
733,668,512,Move,33295519,8
723,661,512,Move,33295527,8
701,648,512,Move,33295535,8
671,630,512,Move,33295543,8
641,609,512,Move,33295551,8
620,594,512,Move,33295559,8
600,582,512,Move,33295568,2
581,572,512,Move,33295575,2
567,565,512,Move,33295583,2
555,560,512,Move,33295591,2
546,555,512,Move,33295599,2
537,551,512,Move,33295607,2
529,549,512,Move,33295615,2
525,547,512,Move,33295623,2
521,544,512,Move,33295631,2
518,544,512,Move,33295639,2
517,543,512,Move,33295647,2
515,542,512,Move,33295655,2
514,540,512,Move,33295663,2
512,539,512,Move,33295671,2
512,538,512,Move,33295967,2
510,538,512,Move,33295975,2
509,537,512,Move,33295991,2
508,536,512,Move,33295999,2
507,536,512,Move,33296007,2
506,535,512,Move,33296031,2
505,535,512,Move,33296039,2
504,535,512,Move,33296055,2
503,534,512,Move,33296063,2
502,534,512,Move,33296071,2
502,533,512,Move,33296079,2
501,533,512,Move,33296087,2
500,533,512,Move,33296095,2
499,533,512,Move,33296119,2
498,533,512,Move,33296127,2
497,533,512,Move,33296143,2
496,533,512,Move,33296167,2
495,533,512,Move,33296175,2
494,533,512,Move,33296199,2
493,533,512,Move,33296207,2
492,533,512,Move,33296215,2
491,533,512,Move,33296231,2
490,533,512,Move,33296247,2
490,532,512,Move,33296591,2
489,532,512,Move,33296615,2
489,531,512,Move,33296631,2
488,531,512,Move,33296655,2
488,530,512,Move,33296663,2
488,529,512,Move,33296695,2
488,528,512,Move,33296727,2
487,528,512,Move,33296823,2
487,527,512,Move,33296847,2
487,526,512,Move,33296887,2
487,525,512,Move,33296911,2
487,525,512,Move,33299553,2
484,525,512,Move,33300055,2
487,518,512,Move,33300063,2
493,512,512,Move,33300071,2
501,499,512,Move,33300079,2
511,488,512,Move,33300087,2
519,478,512,Move,33300095,2
526,467,512,Move,33300103,2
534,456,512,Move,33300111,2
542,444,512,Move,33300119,2
549,433,512,Move,33300127,2
554,421,512,Move,33300135,2
558,410,512,Move,33300143,2
562,401,512,Move,33300151,2
566,392,512,Move,33300159,2
568,382,512,Move,33300167,2
572,375,512,Move,33300175,2
573,368,512,Move,33300183,2
574,361,512,Move,33300191,2
575,355,512,Move,33300199,2
579,348,512,Move,33300207,2
581,342,512,Move,33300215,2
585,335,512,Move,33300223,2
589,327,512,Move,33300231,2
592,323,512,Move,33300239,2
596,317,512,Move,33300247,2
599,311,512,Move,33300255,2
602,308,512,Move,33300263,2
605,304,512,Move,33300271,2
608,300,512,Move,33300279,2
611,297,512,Move,33300287,2
613,294,512,Move,33300295,2
615,290,512,Move,33300303,2
618,287,512,Move,33300311,2
621,284,512,Move,33300319,2
623,281,512,Move,33300327,2
625,279,512,Move,33300335,2
627,277,512,Move,33300343,2
628,274,512,Move,33300351,2
629,272,512,Move,33300359,2
631,270,512,Move,33300367,2
633,268,512,Move,33300375,2
635,266,512,Move,33300383,2
637,263,512,Move,33300391,2
638,261,512,Move,33300399,2
640,259,512,Move,33300407,2
641,257,512,Move,33300415,2
643,254,512,Move,33300423,2
646,251,512,Move,33300431,2
648,248,512,Move,33300439,2
650,246,512,Move,33300447,2
651,243,512,Move,33300455,2
653,241,512,Move,33300463,2
654,239,512,Move,33300471,2
655,238,512,Move,33300479,2
656,236,512,Move,33300487,2
657,234,512,Move,33300495,2
657,232,512,Move,33300503,2
658,231,512,Move,33300511,2
658,229,512,Move,33300519,2
658,227,512,Move,33300527,2
659,225,512,Move,33300535,2
660,223,512,Move,33300543,2
661,221,512,Move,33300551,2
662,220,512,Move,33300559,2
663,217,512,Move,33300567,2
664,215,512,Move,33300575,2
665,212,512,Move,33300583,2
665,211,512,Move,33300591,2
666,208,512,Move,33300599,2
667,207,512,Move,33300607,2
668,206,512,Move,33300615,2
669,204,512,Move,33300623,2
669,202,512,Move,33300631,2
670,202,512,Move,33300639,2
671,200,512,Move,33300647,2
671,199,160,Move,33300655,2
671,198,160,Move,33300671,2
671,197,160,Move,33300679,2
671,196,160,Move,33300687,2
672,196,160,Move,33300799,2
672,195,160,Move,33300807,2
673,195,160,Move,33300831,2
674,195,160,Move,33300839,2
674,194,160,Move,33300855,2
675,194,160,Move,33300903,2
676,194,160,Move,33300919,2
676,193,160,Move,33300943,2
676,192,160,Move,33300959,2
677,192,160,Move,33300975,2
678,191,160,Move,33300983,2
679,191,160,Move,33301007,2
679,190,160,Move,33301015,2
679,190,161,Pressed,33301079,2
679,190,514,Released,33301199,2
679,190,512,Move,33301209,8
680,190,512,Move,33301215,8
680,191,512,Move,33301231,8
680,192,512,Move,33301247,8
680,194,512,Move,33301255,8
680,195,512,Move,33301263,8
680,198,512,Move,33301271,8
680,201,512,Move,33301279,8
680,203,512,Move,33301287,8
680,207,512,Move,33301295,8
681,211,512,Move,33301303,8
681,216,512,Move,33301311,8
682,222,512,Move,33301319,8
683,226,512,Move,33301327,8
684,231,512,Move,33301335,8
685,236,512,Move,33301343,8
686,242,512,Move,33301351,8
686,249,512,Move,33301359,8
688,258,512,Move,33301380,8
689,263,512,Move,33301383,8
689,267,512,Move,33301391,8
690,275,512,Move,33301411,8
692,280,512,Move,33301416,8
693,287,512,Move,33301424,8
694,296,512,Move,33301431,8
695,306,512,Move,33301439,8
696,315,512,Move,33301447,8
699,324,512,Move,33301455,8
700,332,512,Move,33301463,8
701,342,512,Move,33301471,8
703,351,512,Move,33301479,8
704,360,512,Move,33301487,8
705,368,512,Move,33301495,8
708,377,512,Move,33301503,8
710,393,512,Move,33301524,8
714,402,512,Move,33301527,8
722,419,512,Move,33301549,8
725,427,512,Move,33301551,8
729,436,512,Move,33301559,8
734,445,512,Move,33301567,8
738,455,512,Move,33301575,8
745,466,512,Move,33301583,8
751,475,512,Move,33301591,8
758,484,512,Move,33301601,8
766,495,512,Move,33301607,8
773,504,512,Move,33301615,8
779,514,512,Move,33301623,8
787,521,512,Move,33301631,8
796,528,512,Move,33301639,8
807,535,512,Move,33301647,8
815,541,512,Move,33301655,8
822,547,512,Move,33301663,8
830,552,512,Move,33301671,8
834,556,512,Move,33301679,8
838,559,512,Move,33301687,8
843,562,512,Move,33301695,8
846,564,512,Move,33301703,8
846,565,512,Move,33301711,8
844,566,512,Move,33301719,8
845,566,512,Move,33301999,8
847,564,512,Move,33302007,8
848,564,512,Move,33302015,8
850,563,512,Move,33302023,8
851,563,512,Move,33302031,8
851,562,512,Move,33302039,8
853,562,512,Move,33302083,8
854,562,512,Move,33302095,8
855,561,512,Move,33302103,8
857,561,512,Move,33302120,8
860,561,512,Move,33302127,8
863,561,512,Move,33302135,8
866,561,512,Move,33302143,8
871,561,512,Move,33302152,8
875,561,512,Move,33302159,8
880,563,512,Move,33302167,8
886,564,512,Move,33302175,8
891,565,512,Move,33302183,8
895,565,512,Move,33302191,8
899,565,512,Move,33302199,8
902,566,512,Move,33302207,8
903,567,512,Move,33302215,8
905,568,512,Move,33302223,8
907,568,512,Move,33302231,8
908,568,512,Move,33302247,8
908,569,512,Move,33302287,8
908,570,512,Move,33303015,8
906,570,512,Move,33303023,8
903,570,512,Move,33303031,8
898,572,512,Move,33303039,8
891,575,512,Move,33303047,8
880,579,512,Move,33303055,8
870,582,512,Move,33303063,8
856,583,512,Move,33303071,8
843,586,512,Move,33303079,8
829,587,512,Move,33303087,8
814,590,512,Move,33303095,8
801,590,512,Move,33303103,8
789,591,512,Move,33303111,8
779,592,512,Move,33303119,8
766,592,512,Move,33303127,8
756,592,512,Move,33303135,8
746,592,512,Move,33303143,8
736,592,512,Move,33303151,8
727,592,512,Move,33303159,8
720,592,512,Move,33303167,8
712,592,512,Move,33303175,8
707,592,512,Move,33303183,8
702,592,512,Move,33303191,8
698,592,512,Move,33303199,8
693,592,512,Move,33303207,8
689,592,512,Move,33303215,8
685,593,512,Move,33303223,8
681,594,512,Move,33303231,8
676,594,512,Move,33303239,8
671,595,512,Move,33303247,8
667,596,512,Move,33303255,8
662,597,512,Move,33303263,8
658,598,512,Move,33303271,8
652,598,512,Move,33303279,8
649,598,512,Move,33303287,8
645,598,512,Move,33303295,8
641,598,512,Move,33303303,8
640,598,512,Move,33303311,8
638,598,512,Move,33303319,8
637,597,512,Move,33303327,8
637,596,512,Move,33303335,8
637,594,512,Move,33303343,8
637,593,512,Move,33303351,8
639,593,512,Move,33303359,8
638,593,512,Move,33303575,8
637,593,512,Move,33303583,8
636,594,512,Move,33303599,8
635,594,512,Move,33303607,8
634,594,512,Move,33303615,8
633,594,512,Move,33303631,8
632,594,512,Move,33303647,8
631,594,512,Move,33303655,8
630,594,512,Move,33303663,8
630,595,512,Move,33303671,8
629,596,512,Move,33303679,8
627,596,512,Move,33303687,8
626,597,512,Move,33303695,8
624,598,512,Move,33303703,8
623,599,512,Move,33303711,8
622,600,512,Move,33303719,8
621,601,512,Move,33303727,8
620,602,512,Move,33303735,8
619,603,512,Move,33303743,8
618,604,512,Move,33303751,8
617,605,512,Move,33303759,8
615,607,512,Move,33303767,8
614,609,512,Move,33303783,8
614,610,512,Move,33303791,8
613,611,512,Move,33303807,8
613,612,512,Move,33303815,8
612,612,512,Move,33303831,8
611,613,512,Move,33303847,8
610,614,512,Move,33303868,8
609,615,512,Move,33303871,8
608,616,512,Move,33303879,8
607,616,512,Move,33303887,8
607,617,512,Move,33303895,8
605,619,512,Move,33303903,8
605,620,512,Move,33303911,8
604,620,512,Move,33303919,8
603,621,512,Move,33303927,8
602,622,512,Move,33303935,8
601,622,512,Move,33303951,8
600,622,512,Move,33303967,8
599,623,512,Move,33303983,8
599,624,512,Move,33303999,8
598,624,512,Move,33304007,8
598,624,513,Pressed,33304576,8
598,624,512,Move,33304588,8
598,624,514,Released,33304687,8
598,624,512,Move,33304695,8
605,624,512,Move,33307709,8
617,626,512,Move,33307713,8
646,631,512,Move,33307735,8
662,634,512,Move,33307736,8
679,637,512,Move,33307743,8
698,641,512,Move,33307751,8
716,647,512,Move,33307759,8
730,653,512,Move,33307767,8
744,660,512,Move,33307775,8
757,665,512,Move,33307783,8
770,671,512,Move,33307791,8
780,676,512,Move,33307801,8
791,680,512,Move,33307807,8
800,685,512,Move,33307815,8
806,691,512,Move,33307823,8
813,696,512,Move,33307831,8
819,701,512,Move,33307839,8
825,704,512,Move,33307847,8
831,709,512,Move,33307855,8
837,714,512,Move,33307863,8
842,717,512,Move,33307871,8
852,725,512,Move,33307892,8
856,729,512,Move,33307895,8
860,731,512,Move,33307905,8
865,734,512,Move,33307919,8
868,738,160,Move,33307927,2
870,738,160,Move,33307935,2
871,739,160,Move,33307943,2
871,739,160,Move,33307950,2
871,739,160,Move,33307983,2
871,739,160,Move,33307983,2
870,739,160,Move,33308127,2
870,739,160,Move,33308134,2
870,739,160,Move,33308163,2
870,739,160,Move,33308165,2
870,740,160,Move,33308295,2
870,741,160,Move,33308303,2
870,741,160,Move,33308506,2
869,741,160,Move,33308575,2
868,741,160,Move,33308607,2
867,740,160,Move,33308615,2
867,739,160,Move,33308623,2
865,737,512,Move,33308631,8
863,736,512,Move,33308639,8
859,734,512,Move,33308647,8
855,730,512,Move,33308655,8
849,727,512,Move,33308663,8
845,722,512,Move,33308671,8
840,719,512,Move,33308679,8
837,716,512,Move,33308687,8
833,714,512,Move,33308695,8
831,712,512,Move,33308707,8
830,711,512,Move,33308711,8
827,709,512,Move,33308719,8
825,706,512,Move,33308727,8
822,703,512,Move,33308735,8
821,698,512,Move,33308743,8
819,692,512,Move,33308751,8
815,683,512,Move,33308759,8
811,674,512,Move,33308767,8
804,662,512,Move,33308775,8
797,648,512,Move,33308790,8
791,636,512,Move,33308792,8
782,622,512,Move,33308799,8
774,611,512,Move,33308807,8
766,600,512,Move,33308815,8
758,589,512,Move,33308823,8
750,578,512,Move,33308831,8
743,571,512,Move,33308839,8
738,563,512,Move,33308847,8
733,557,512,Move,33308855,8
729,551,512,Move,33308863,8
725,545,512,Move,33308875,8
722,541,512,Move,33308879,8
719,538,512,Move,33308887,8
717,535,512,Move,33308895,8
715,534,512,Move,33308903,8
714,532,512,Move,33308911,8
713,529,512,Move,33308919,8
711,528,512,Move,33308927,8
707,526,512,Move,33308935,8
706,525,512,Move,33308943,8
704,524,512,Move,33308961,8
704,523,512,Move,33309255,8
704,522,512,Move,33309263,8
703,522,512,Move,33309271,8
703,521,512,Move,33309279,8
702,520,512,Move,33309287,8
701,519,512,Move,33309295,8
700,519,512,Move,33309303,8
700,518,512,Move,33309317,8
698,516,512,Move,33309319,8
697,516,512,Move,33309327,8
696,515,512,Move,33309335,8
696,514,512,Move,33309343,8
696,513,512,Move,33309351,8
696,512,512,Move,33309367,8
696,511,512,Move,33309375,8
696,510,512,Move,33309399,8
695,509,512,Move,33310122,8
694,509,512,Move,33310127,8
692,506,512,Move,33310135,8
688,505,512,Move,33310143,8
682,503,512,Move,33310151,8
676,500,512,Move,33310159,8
669,498,512,Move,33310167,8
662,494,512,Move,33310175,8
655,492,512,Move,33310183,8
646,487,512,Move,33310191,8
638,482,512,Move,33310199,8
629,477,512,Move,33310207,8
620,471,512,Move,33310215,8
612,466,512,Move,33310226,8
604,464,512,Move,33310231,8
595,460,512,Move,33310239,8
586,456,512,Move,33310247,8
577,452,512,Move,33310255,8
569,447,512,Move,33310263,8
562,445,512,Move,33310271,8
555,441,512,Move,33310279,8
549,439,512,Move,33310287,8
544,438,512,Move,33310295,8
538,436,512,Move,33310303,8
534,434,512,Move,33310311,8
530,432,512,Move,33310319,8
527,431,512,Move,33310330,8
524,429,512,Move,33310335,8
522,427,512,Move,33310343,8
521,426,512,Move,33310351,8
519,424,512,Move,33310359,8
516,423,512,Move,33310367,8
514,422,512,Move,33310375,8
514,420,512,Move,33310383,8
512,419,512,Move,33310391,8
511,418,512,Move,33310399,8
510,418,512,Move,33310407,8
510,416,512,Move,33310415,8
510,415,512,Move,33310423,8
509,415,512,Move,33310438,8
509,414,512,Move,33310447,8
509,413,512,Move,33310455,8
509,412,512,Move,33310479,8
509,411,512,Move,33310495,8
509,410,512,Move,33310649,8
509,409,512,Move,33310679,8
509,408,512,Move,33310711,8
509,408,516,Pressed,33311039,8
509,408,517,Released,33311135,8
509,408,512,Move,33311158,8
509,408,512,Move,33311161,8
509,410,512,Move,33311423,8
510,413,512,Move,33311431,8
513,417,512,Move,33311439,8
520,424,512,Move,33311459,8
523,429,512,Move,33311474,8
525,431,512,Move,33311479,8
527,434,512,Move,33311487,8
529,436,512,Move,33311495,8
530,438,512,Move,33311503,8
531,439,512,Move,33311511,8
532,440,512,Move,33311519,8
532,441,512,Move,33311527,8
532,442,512,Move,33311570,8
532,442,513,Pressed,33311743,8
532,442,514,Released,33311847,8
532,442,512,Move,33311900,8
548,453,512,Move,33312011,8
556,457,512,Move,33312025,8
559,459,512,Move,33312031,8
562,461,512,Move,33312039,8
565,463,512,Move,33312047,8
567,465,512,Move,33312055,8
570,467,512,Move,33312063,8
573,470,512,Move,33312071,8
575,471,512,Move,33312079,8
578,473,512,Move,33312087,8
579,474,512,Move,33312095,8
582,477,512,Move,33312111,8
583,477,512,Move,33312119,8
584,478,512,Move,33312143,8
584,478,522,Unknown(522),33312551,8
584,478,512,Move,33312570,8
584,478,512,Move,33312572,8
584,478,512,Move,33312574,8
584,478,512,Move,33312585,8
584,478,522,Unknown(522),33312591,8
584,478,512,Move,33312597,8
584,478,512,Move,33312608,8
584,478,512,Move,33312618,8
584,478,512,Move,33312627,8
584,478,512,Move,33312638,8
584,478,522,Unknown(522),33312639,8
584,478,512,Move,33312648,8
584,478,512,Move,33312667,8
584,478,512,Move,33312669,8
584,478,512,Move,33312678,8
584,478,512,Move,33312688,8
584,478,512,Move,33312700,8
584,478,522,Unknown(522),33312711,8
584,478,512,Move,33312712,8
584,478,512,Move,33312726,8
584,478,512,Move,33312739,8
584,478,512,Move,33312748,8
584,478,512,Move,33312758,8
584,478,512,Move,33312771,8
584,478,512,Move,33312775,8
584,478,512,Move,33312784,8
584,478,512,Move,33312794,8
584,478,512,Move,33312803,8
584,478,512,Move,33312813,8
584,478,522,Unknown(522),33313655,8
584,478,512,Move,33313680,8
584,478,512,Move,33313682,8
584,478,512,Move,33313684,8
584,478,512,Move,33313695,8
584,478,522,Unknown(522),33313695,8
584,478,512,Move,33313705,8
584,478,512,Move,33313716,8
584,478,512,Move,33313726,8
584,478,512,Move,33313736,8
584,478,512,Move,33313746,8
584,478,512,Move,33313757,8
584,478,512,Move,33313767,8
584,478,522,Unknown(522),33313779,8
584,478,512,Move,33313781,8
584,478,512,Move,33313786,8
584,478,512,Move,33313797,8
584,478,512,Move,33313807,8
584,478,512,Move,33313817,8
584,478,512,Move,33313838,8
584,478,512,Move,33313841,8
584,478,512,Move,33313847,8
584,478,512,Move,33313868,8
584,478,512,Move,33313907,8
584,478,522,Unknown(522),33314591,8
584,478,512,Move,33314599,8
584,478,512,Move,33314609,8
584,478,512,Move,33314618,8
584,478,512,Move,33314628,8
584,478,512,Move,33314639,8
584,478,512,Move,33314650,8
584,478,512,Move,33314660,8
584,478,512,Move,33314669,8
584,478,512,Move,33314684,8
584,478,512,Move,33314690,8
584,478,522,Unknown(522),33314791,8
584,478,512,Move,33314801,8
584,478,512,Move,33314811,8
584,478,512,Move,33314820,8
584,478,512,Move,33314831,8
584,478,512,Move,33314843,8
584,478,512,Move,33314853,8
584,478,512,Move,33314865,8
584,478,512,Move,33314887,8
584,478,512,Move,33314889,8
584,478,512,Move,33314894,8
582,475,512,Move,33315215,8
583,470,512,Move,33315223,8
580,463,512,Move,33315231,8
578,459,512,Move,33315239,8
575,453,512,Move,33315247,8
571,447,512,Move,33315256,8
567,442,512,Move,33315263,8
562,436,512,Move,33315271,8
552,424,512,Move,33315288,8
547,418,512,Move,33315295,8
542,412,512,Move,33315303,8
536,408,512,Move,33315311,8
532,403,512,Move,33315319,8
529,400,512,Move,33315327,8
526,397,512,Move,33315335,8
523,394,512,Move,33315343,8
522,393,512,Move,33315351,8
521,391,512,Move,33315359,8
520,389,512,Move,33315367,8
520,386,512,Move,33315375,8
519,386,512,Move,33315389,8
518,384,512,Move,33315391,8
517,382,512,Move,33315399,8
516,381,512,Move,33315407,8
516,378,512,Move,33315415,8
515,376,512,Move,33315423,8
514,375,512,Move,33315431,8
512,373,512,Move,33315439,8
511,371,512,Move,33315447,8
509,368,512,Move,33315455,8
508,367,512,Move,33315463,8
508,365,512,Move,33315471,8
506,363,512,Move,33315490,8
505,361,512,Move,33315495,8
505,360,512,Move,33315503,8
504,360,512,Move,33315511,8
504,359,512,Move,33315519,8
504,357,512,Move,33315527,8
503,357,512,Move,33315547,8
503,356,512,Move,33315551,8
503,355,512,Move,33315559,8
503,354,512,Move,33315575,8
502,354,512,Move,33315591,8
502,353,512,Move,33315599,8
502,352,512,Move,33315663,8
502,351,512,Move,33315688,8
502,351,516,Pressed,33318127,8
502,351,517,Released,33318231,8
502,351,512,Move,33318255,8
502,351,512,Move,33318258,8
500,353,512,Move,33318519,8
499,361,512,Move,33318539,8
510,377,512,Move,33318561,8
513,380,512,Move,33318567,8
516,383,512,Move,33318575,8
517,385,512,Move,33318583,8
519,387,512,Move,33318591,8
519,388,512,Move,33318599,8
520,389,512,Move,33318610,8
521,389,512,Move,33318615,8
521,389,513,Pressed,33318831,8
521,389,514,Released,33318951,8
521,389,512,Move,33319005,8
522,390,512,Move,33319031,8
524,392,512,Move,33319039,8
526,395,512,Move,33319047,8
529,396,512,Move,33319055,8
533,400,512,Move,33319063,8
537,403,512,Move,33319071,8
543,408,512,Move,33319079,8
551,413,512,Move,33319087,8
558,419,512,Move,33319095,8
564,422,512,Move,33319103,8
570,427,512,Move,33319116,8
574,431,512,Move,33319119,8
577,432,512,Move,33319127,8
580,434,512,Move,33319135,8
583,437,512,Move,33319143,8
584,438,512,Move,33319151,8
585,439,512,Move,33319159,8
586,440,512,Move,33319167,8
586,441,512,Move,33319175,8
586,442,512,Move,33319183,8
586,442,522,Unknown(522),33319479,8
586,442,512,Move,33319488,8
586,442,512,Move,33319508,8
586,442,512,Move,33319511,8
586,442,512,Move,33319518,8
586,442,512,Move,33319528,8
586,442,512,Move,33319537,8
586,442,512,Move,33319549,8
586,442,522,Unknown(522),33319551,8
586,442,512,Move,33319559,8
586,442,512,Move,33319568,8
586,442,512,Move,33319579,8
586,442,512,Move,33319592,8
586,442,522,Unknown(522),33319607,8
586,442,512,Move,33319608,8
586,442,512,Move,33319610,8
586,442,512,Move,33319618,8
586,442,512,Move,33319629,8
586,442,512,Move,33319639,8
586,442,512,Move,33319649,8
586,442,512,Move,33319659,8
586,442,512,Move,33319668,8
586,442,512,Move,33319679,8
586,442,512,Move,33319691,8
586,442,512,Move,33319707,8
586,442,522,Unknown(522),33320279,8
586,442,512,Move,33320291,8
586,442,522,Unknown(522),33320311,8
586,442,512,Move,33320313,8
586,442,512,Move,33320315,8
586,442,512,Move,33320320,8
586,442,512,Move,33320329,8
586,442,512,Move,33320340,8
586,442,512,Move,33320350,8
586,442,522,Unknown(522),33320359,8
586,442,512,Move,33320361,8
586,442,512,Move,33320370,8
586,442,512,Move,33320393,8
586,442,512,Move,33320395,8
586,442,512,Move,33320431,8
586,442,512,Move,33320434,8
586,442,512,Move,33320436,8
586,442,512,Move,33320439,8
586,442,512,Move,33320441,8
586,442,512,Move,33320445,8
589,442,512,Move,33320823,8
604,439,512,Move,33320847,8
614,438,512,Move,33320849,8
627,438,512,Move,33320855,8
639,438,512,Move,33320863,8
649,438,512,Move,33320871,8
657,436,512,Move,33320879,8
663,435,512,Move,33320887,8
664,433,512,Move,33321234,8
663,433,512,Move,33321243,8
663,434,512,Move,33321247,8
662,435,512,Move,33321295,8
662,434,512,Move,33321303,8
661,434,512,Move,33321319,8
660,433,512,Move,33321327,8
659,432,512,Move,33321335,8
659,431,512,Move,33321351,8
659,430,512,Move,33321375,8
658,430,512,Move,33321391,8
658,430,522,Unknown(522),33322623,8
658,430,512,Move,33322637,8
658,430,512,Move,33322646,8
658,430,512,Move,33322656,8
658,430,522,Unknown(522),33322663,8
658,430,512,Move,33322665,8
658,430,512,Move,33322675,8
658,430,512,Move,33322685,8
658,430,512,Move,33322694,8
658,430,522,Unknown(522),33322695,8
658,430,512,Move,33322704,8
658,430,512,Move,33322715,8
658,430,512,Move,33322724,8
658,430,512,Move,33322734,8
658,430,522,Unknown(522),33322744,8
658,430,512,Move,33322745,8
658,430,512,Move,33322752,8
658,430,512,Move,33322763,8
658,430,512,Move,33322788,8
658,430,512,Move,33322790,8
658,430,512,Move,33322819,8
658,430,512,Move,33322825,8
658,430,512,Move,33322827,8
658,430,512,Move,33322829,8
658,430,512,Move,33322832,8
658,430,512,Move,33322842,8
658,430,512,Move,33324762,8
658,430,512,Move,33324803,8
658,430,512,Move,33324825,8
658,430,512,Move,33324833,8
658,430,512,Move,33324928,8
658,430,512,Move,33325022,8
658,430,512,Move,33325051,8
658,430,522,Unknown(522),33325295,8
658,430,512,Move,33325307,8
658,430,512,Move,33325318,8
658,430,512,Move,33325319,8
658,430,512,Move,33325320,8
658,430,512,Move,33325342,8
658,430,512,Move,33325343,8
658,430,512,Move,33325344,8
658,430,522,Unknown(522),33325351,8
658,430,512,Move,33325358,8
658,430,512,Move,33325370,8
658,430,512,Move,33325371,8
658,430,512,Move,33325372,8
658,430,522,Unknown(522),33325426,8
658,430,512,Move,33325430,8
658,430,512,Move,33325441,8
658,430,512,Move,33325441,8
658,430,512,Move,33325445,8
658,430,512,Move,33325445,8
658,430,512,Move,33325447,8
658,430,512,Move,33325447,8
658,430,512,Move,33325449,8
658,430,512,Move,33325449,8
658,430,512,Move,33325451,8
658,430,512,Move,33325451,8
658,430,512,Move,33325453,8
658,430,512,Move,33325466,8
658,430,512,Move,33325467,8
658,430,512,Move,33325469,8
658,430,512,Move,33325479,8
658,430,522,Unknown(522),33326279,8
658,430,512,Move,33326294,8
658,430,512,Move,33326294,8
658,430,512,Move,33326296,8
658,430,512,Move,33326308,8
658,430,522,Unknown(522),33326319,8
658,430,512,Move,33326320,8
658,430,512,Move,33326331,8
658,430,512,Move,33326352,8
658,430,512,Move,33326353,8
658,430,512,Move,33326354,8
658,430,522,Unknown(522),33326359,8
658,430,512,Move,33326366,8
658,430,512,Move,33326366,8
658,430,512,Move,33326378,8
658,430,512,Move,33326378,8
658,430,512,Move,33326380,8
658,430,512,Move,33326400,8
658,430,512,Move,33326401,8
658,430,512,Move,33326403,8
658,430,512,Move,33326415,8
658,430,512,Move,33326426,8
658,430,512,Move,33326448,8
658,430,512,Move,33326448,8
658,430,512,Move,33326450,8
658,430,512,Move,33326450,8
658,430,512,Move,33326452,8
658,430,522,Unknown(522),33327351,8
658,430,522,Unknown(522),33327384,8
658,430,512,Move,33327385,8
658,430,512,Move,33327386,8
658,430,512,Move,33327388,8
658,430,512,Move,33327396,8
658,430,512,Move,33327396,8
658,430,522,Unknown(522),33327421,8
658,430,512,Move,33327424,8
658,430,512,Move,33327447,8
658,430,512,Move,33327447,8
658,430,512,Move,33327449,8
658,430,512,Move,33327449,8
658,430,512,Move,33327451,8
658,430,512,Move,33327451,8
658,430,512,Move,33327453,8
658,430,512,Move,33327453,8
658,430,512,Move,33327455,8
658,430,512,Move,33327455,8
658,430,512,Move,33327456,8
658,430,512,Move,33327462,8
658,430,522,Unknown(522),33327471,8
658,430,512,Move,33327517,8
658,430,512,Move,33327540,8
658,430,512,Move,33327540,8
658,430,512,Move,33327545,8
658,430,512,Move,33327545,8
658,430,512,Move,33327547,8
658,430,512,Move,33327547,8
658,430,512,Move,33327548,8
658,430,512,Move,33327549,8
658,430,512,Move,33327550,8
658,430,512,Move,33327551,8
658,430,512,Move,33327553,8
658,430,512,Move,33327553,8
658,430,512,Move,33327555,8
658,430,512,Move,33327567,8
658,430,512,Move,33327568,8
658,430,512,Move,33327570,8
658,430,512,Move,33327570,8
658,430,522,Unknown(522),33330167,8
658,430,512,Move,33330182,8
658,430,512,Move,33330182,8
658,430,512,Move,33330185,8
658,430,512,Move,33330196,8
658,430,512,Move,33330210,8
658,430,512,Move,33330231,8
658,430,512,Move,33330231,8
658,430,512,Move,33330233,8
658,430,512,Move,33330242,8
658,430,512,Move,33330242,8
658,430,512,Move,33330253,8
658,430,512,Move,33330275,8
658,430,512,Move,33330275,8
658,430,512,Move,33330277,8
658,430,512,Move,33330278,8
658,430,522,Unknown(522),33330951,8
658,430,512,Move,33330963,8
658,430,512,Move,33330975,8
658,430,512,Move,33330997,8
658,430,512,Move,33330998,8
658,430,512,Move,33330999,8
658,430,512,Move,33331009,8
658,430,512,Move,33331021,8
658,430,512,Move,33331021,8
658,430,512,Move,33331023,8
658,430,512,Move,33331041,8
658,430,512,Move,33331041,8
658,430,512,Move,33331043,8
658,430,512,Move,33331053,8
657,429,512,Move,33333887,8
655,427,512,Move,33333895,8
653,425,512,Move,33333903,8
650,424,512,Move,33333911,8
647,422,512,Move,33333919,8
643,419,512,Move,33333927,8
637,417,512,Move,33333935,8
627,413,512,Move,33333961,8
621,411,512,Move,33333967,8
616,410,512,Move,33333975,8
612,409,512,Move,33333983,8
608,407,512,Move,33333991,8
597,402,512,Move,33334015,8
595,401,512,Move,33334023,8
591,400,512,Move,33334031,8
587,400,512,Move,33334039,8
584,399,512,Move,33334047,8
581,397,512,Move,33334055,8
579,396,512,Move,33334063,8
577,394,512,Move,33334071,8
575,393,512,Move,33334079,8
573,392,512,Move,33334087,8
573,391,512,Move,33334439,8
572,391,512,Move,33334447,8
572,390,512,Move,33334455,8
572,389,512,Move,33334463,8
570,387,512,Move,33334471,8
569,387,512,Move,33334479,8
568,386,512,Move,33334487,8
567,385,512,Move,33334495,8
566,385,512,Move,33334503,8
565,385,512,Move,33334511,8
565,384,512,Move,33334519,8
563,383,512,Move,33334527,8
563,382,512,Move,33334535,8
562,382,512,Move,33334543,8
561,381,512,Move,33334551,8
560,380,512,Move,33334559,8
560,379,512,Move,33334567,8
559,378,512,Move,33334583,8
559,377,512,Move,33334591,8
558,376,512,Move,33334607,8
558,375,512,Move,33334615,8
558,374,512,Move,33334623,8
558,373,512,Move,33334631,8
558,371,512,Move,33334639,8
557,370,512,Move,33334655,8
557,369,512,Move,33334663,8
557,368,512,Move,33334671,8
557,367,512,Move,33334679,8
556,366,512,Move,33334687,8
556,365,512,Move,33334695,8
556,364,512,Move,33334703,8
556,363,512,Move,33334711,8
556,361,512,Move,33334719,8
556,360,512,Move,33334727,8
555,358,512,Move,33334743,8
555,357,512,Move,33334751,8
555,356,512,Move,33334759,8
554,355,512,Move,33334767,8
554,354,512,Move,33334775,8
554,353,512,Move,33334783,8
553,352,512,Move,33334791,8
553,351,512,Move,33334799,8
553,350,512,Move,33334807,8
553,349,512,Move,33334815,8
552,347,512,Move,33334831,8
552,346,512,Move,33334839,8
552,345,512,Move,33334847,8
552,344,512,Move,33334855,8
552,343,512,Move,33334863,8
551,343,512,Move,33334871,8
551,342,512,Move,33334879,8
551,340,512,Move,33334887,8
551,339,512,Move,33334903,8
551,338,512,Move,33334911,8
550,338,512,Move,33334927,8
550,337,512,Move,33334935,8
550,336,512,Move,33334943,8
550,335,512,Move,33334951,8
550,334,512,Move,33334975,8
550,333,512,Move,33334983,8
550,332,512,Move,33335007,8
550,331,512,Move,33335015,8
550,330,512,Move,33335031,8
550,329,512,Move,33335063,8
550,328,512,Move,33335095,8
550,327,512,Move,33335127,8
550,326,512,Move,33335151,8
550,326,516,Pressed,33335351,8
550,326,517,Released,33335423,8
550,326,512,Move,33335445,8
550,326,512,Move,33335448,8
550,328,512,Move,33335719,8
550,329,512,Move,33335727,8
552,331,512,Move,33335735,8
558,340,512,Move,33335761,8
562,346,512,Move,33335785,8
563,347,512,Move,33335791,8
564,348,512,Move,33335799,8
564,349,512,Move,33335807,8
565,349,512,Move,33335815,8
565,350,512,Move,33335831,8
565,351,512,Move,33335903,8
565,352,512,Move,33335911,8
566,352,512,Move,33335927,8
566,353,512,Move,33335935,8
567,353,512,Move,33335951,8
567,354,512,Move,33335959,8
567,355,512,Move,33335967,8
568,355,512,Move,33335975,8
568,356,512,Move,33335983,8
568,357,512,Move,33336007,8
568,357,513,Pressed,33336087,8
568,357,514,Released,33336151,8
568,357,512,Move,33336204,8
568,358,512,Move,33336239,8
568,359,512,Move,33336247,8
568,360,512,Move,33336263,8
567,362,512,Move,33336271,8
566,362,512,Move,33336279,8
565,364,512,Move,33336287,8
565,365,512,Move,33336295,8
565,367,512,Move,33336303,8
565,369,512,Move,33336311,8
565,371,512,Move,33336320,8
565,374,512,Move,33336327,8
564,377,512,Move,33336335,8
563,380,512,Move,33336343,8
563,383,512,Move,33336351,8
561,386,512,Move,33336359,8
560,390,512,Move,33336367,8
558,393,512,Move,33336375,8
557,397,512,Move,33336383,8
556,399,512,Move,33336391,8
554,402,512,Move,33336399,8
553,405,512,Move,33336407,8
552,407,512,Move,33336415,8
551,410,512,Move,33336433,8
550,413,512,Move,33336458,8
549,413,512,Move,33336463,8
548,414,512,Move,33336471,8
548,415,512,Move,33336479,8
547,415,512,Move,33336493,8
546,415,512,Move,33336495,8
545,415,512,Move,33336511,8
544,416,512,Move,33336551,8
544,417,512,Move,33336575,8
544,417,516,Pressed,33336751,8
544,417,517,Released,33336807,8
544,417,512,Move,33336829,8
544,417,512,Move,33336832,8
544,417,512,Move,33336876,8
544,417,512,Move,33336887,8
544,417,512,Move,33336898,8
544,418,512,Move,33337068,8
544,420,512,Move,33337074,8
547,423,512,Move,33337079,8
552,432,512,Move,33337106,8
559,440,512,Move,33337133,8
561,442,512,Move,33337139,8
562,445,512,Move,33337143,8
564,447,512,Move,33337151,8
565,449,512,Move,33337159,8
566,449,512,Move,33337167,8
566,450,512,Move,33337175,8
566,450,512,Move,33337277,8
566,450,512,Move,33337299,8
566,450,512,Move,33337342,8
566,450,512,Move,33337373,8
566,450,513,Pressed,33337373,8
566,450,512,Move,33337399,8
566,450,512,Move,33337422,8
566,450,514,Released,33337464,8
566,450,512,Move,33337521,8
566,450,522,Unknown(522),33338103,8
566,450,512,Move,33338108,8
566,450,512,Move,33338118,8
566,450,512,Move,33338128,8
566,450,522,Unknown(522),33338135,8
566,450,512,Move,33338140,8
566,450,512,Move,33338152,8
566,450,512,Move,33338163,8
566,450,522,Unknown(522),33338167,8
566,450,512,Move,33338214,8
566,450,522,Unknown(522),33338215,8
566,450,512,Move,33338223,8
566,450,512,Move,33338226,8
566,450,512,Move,33338228,8
566,450,512,Move,33338230,8
566,450,512,Move,33338232,8
566,450,512,Move,33338234,8
566,450,512,Move,33338244,8
566,450,512,Move,33338253,8
566,450,512,Move,33338264,8
566,450,512,Move,33338272,8
566,450,512,Move,33338628,8
566,450,512,Move,33338797,8
566,450,512,Move,33339355,8
566,450,522,Unknown(522),33339415,8
566,450,512,Move,33339428,8
566,450,512,Move,33339438,8
566,450,512,Move,33339446,8
566,450,522,Unknown(522),33339447,8
566,450,512,Move,33339458,8
566,450,522,Unknown(522),33339471,8
566,450,512,Move,33339473,8
566,450,512,Move,33339477,8
566,450,512,Move,33339487,8
566,450,512,Move,33339499,8
566,450,512,Move,33339507,8
566,450,512,Move,33339516,8
566,450,512,Move,33339525,8
566,450,522,Unknown(522),33339527,8
566,450,512,Move,33339536,8
566,450,512,Move,33339546,8
566,450,512,Move,33339556,8
566,450,512,Move,33339565,8
566,450,512,Move,33339574,8
566,450,512,Move,33339585,8
566,450,512,Move,33339596,8
566,450,512,Move,33339606,8
566,450,512,Move,33339615,8
566,450,512,Move,33339625,8
566,450,512,Move,33340067,8
566,450,512,Move,33340100,8
566,450,512,Move,33340143,8
566,450,512,Move,33340185,8
566,450,522,Unknown(522),33340220,8
566,450,512,Move,33340221,8
566,450,522,Unknown(522),33340247,8
566,450,512,Move,33340248,8
566,450,512,Move,33340249,8
566,450,512,Move,33340262,8
566,450,512,Move,33340263,8
566,450,522,Unknown(522),33340263,8
566,450,512,Move,33340270,8
566,450,512,Move,33340272,8
566,450,512,Move,33340273,8
566,450,512,Move,33340275,8
566,450,522,Unknown(522),33340301,8
566,450,512,Move,33340302,8
566,450,522,Unknown(522),33340311,8
566,450,512,Move,33340327,8
566,450,512,Move,33340328,8
566,450,512,Move,33340329,8
566,450,512,Move,33340330,8
566,450,512,Move,33340332,8
566,450,512,Move,33340332,8
566,450,512,Move,33340334,8
566,450,512,Move,33340352,8
566,450,512,Move,33340353,8
566,450,512,Move,33340353,8
566,450,512,Move,33340355,8
566,450,512,Move,33340381,8
566,450,512,Move,33340382,8
566,450,512,Move,33340385,8
566,450,512,Move,33340386,8
566,450,512,Move,33340435,8
566,450,512,Move,33340435,8
566,450,512,Move,33340437,8
566,450,512,Move,33340437,8
566,450,512,Move,33340937,8
566,450,512,Move,33340974,8
566,450,512,Move,33341433,8
566,450,522,Unknown(522),33343391,8
566,450,512,Move,33343403,8
566,450,512,Move,33343404,8
566,450,512,Move,33343405,8
566,450,512,Move,33343420,8
566,450,512,Move,33343429,8
566,450,512,Move,33343440,8
566,450,522,Unknown(522),33343447,8
566,450,512,Move,33343463,8
566,450,512,Move,33343463,8
566,450,512,Move,33343465,8
566,450,512,Move,33343475,8
566,450,512,Move,33343497,8
566,450,512,Move,33343497,8
566,450,512,Move,33343499,8
566,450,512,Move,33343499,8
566,450,512,Move,33343500,8
566,450,512,Move,33343509,8
566,450,512,Move,33343529,8
566,450,512,Move,33343533,8
566,450,512,Move,33343542,8
566,449,512,Move,33343855,8
566,446,512,Move,33343863,8
566,445,512,Move,33343879,8
566,444,512,Move,33343887,8
566,443,512,Move,33343903,8
566,442,512,Move,33343911,8
566,441,512,Move,33343919,8
566,439,512,Move,33343927,8
566,437,512,Move,33343936,8
566,435,512,Move,33343943,8
566,432,512,Move,33343951,8
565,431,512,Move,33343959,8
565,429,512,Move,33343967,8
565,427,512,Move,33343975,8
564,425,512,Move,33343983,8
564,422,512,Move,33343991,8
564,418,512,Move,33343999,8
564,414,512,Move,33344007,8
564,411,512,Move,33344015,8
564,408,512,Move,33344023,8
564,405,512,Move,33344035,8
564,404,512,Move,33344039,8
564,402,512,Move,33344047,8
564,401,512,Move,33344055,8
563,399,512,Move,33344063,8
562,397,512,Move,33344071,8
562,396,512,Move,33344079,8
562,394,512,Move,33344087,8
562,392,512,Move,33344095,8
561,391,512,Move,33344111,8
560,390,512,Move,33344119,8
559,389,512,Move,33344127,8
558,389,512,Move,33344137,8
557,389,512,Move,33344143,8
557,388,512,Move,33344487,8
558,387,512,Move,33344503,8
559,386,512,Move,33344511,8
559,385,512,Move,33344519,8
559,383,512,Move,33344527,8
559,382,512,Move,33344540,8
559,380,512,Move,33344543,8
559,377,512,Move,33344551,8
559,375,512,Move,33344559,8
559,373,512,Move,33344567,8
559,371,512,Move,33344575,8
559,368,512,Move,33344583,8
559,367,512,Move,33344591,8
559,365,512,Move,33344599,8
559,363,512,Move,33344607,8
559,360,512,Move,33344615,8
559,358,512,Move,33344623,8
559,356,512,Move,33344631,8
559,353,512,Move,33344641,8
559,350,512,Move,33344647,8
559,349,512,Move,33344655,8
559,346,512,Move,33344663,8
559,344,512,Move,33344671,8
559,343,512,Move,33344679,8
559,340,512,Move,33344687,8
559,338,512,Move,33344695,8
559,336,512,Move,33344711,8
559,335,512,Move,33344719,8
559,334,512,Move,33344727,8
559,332,512,Move,33344735,8
559,330,512,Move,33344751,8
559,329,512,Move,33344759,8
559,327,512,Move,33344775,8
560,326,512,Move,33344783,8
560,325,512,Move,33344799,8
560,324,512,Move,33344815,8
560,323,512,Move,33344855,8
560,322,512,Move,33344871,8
560,321,512,Move,33344887,8
560,320,512,Move,33344903,8
560,319,512,Move,33344919,8
560,318,512,Move,33344946,8
560,317,512,Move,33344953,8
560,316,512,Move,33344967,8
560,315,512,Move,33344991,8
560,314,512,Move,33345007,8
560,313,512,Move,33345031,8
560,312,512,Move,33345063,8
560,311,512,Move,33345111,8
560,311,516,Pressed,33345231,8
560,311,517,Released,33345345,8
560,311,512,Move,33345379,8
560,311,512,Move,33345403,8
560,311,512,Move,33345435,8
560,311,512,Move,33345470,8
560,311,512,Move,33345504,8
561,314,512,Move,33345599,8
565,321,512,Move,33345625,8
570,331,512,Move,33345654,8
572,332,512,Move,33345655,8
574,334,512,Move,33345663,8
575,336,512,Move,33345671,8
576,338,512,Move,33345679,8
577,338,512,Move,33345687,8
577,339,512,Move,33345695,8
577,340,512,Move,33345703,8
577,341,512,Move,33345734,8
577,341,512,Move,33345857,8
577,341,513,Pressed,33345895,8
577,341,512,Move,33345920,8
577,341,514,Released,33345983,8
577,341,512,Move,33346038,8
577,343,512,Move,33346063,8
579,344,512,Move,33346071,8
581,345,512,Move,33346079,8
583,348,512,Move,33346087,8
585,351,512,Move,33346095,8
587,354,512,Move,33346103,8
589,358,512,Move,33346111,8
594,364,512,Move,33346119,8
601,374,512,Move,33346142,8
606,379,512,Move,33346144,8
609,383,512,Move,33346152,8
611,387,512,Move,33346159,8
614,390,512,Move,33346167,8
616,394,512,Move,33346175,8
618,397,512,Move,33346183,8
619,400,512,Move,33346191,8
619,401,512,Move,33346199,8
620,403,512,Move,33346207,8
620,405,512,Move,33346215,8
620,407,512,Move,33346231,8
620,408,512,Move,33346239,8
620,409,512,Move,33346255,8
620,409,512,Move,33346352,8
620,409,512,Move,33346367,8
620,409,522,Unknown(522),33347815,8
620,409,512,Move,33347824,8
620,409,512,Move,33347834,8
620,409,512,Move,33347845,8
620,409,512,Move,33347855,8
620,409,512,Move,33347865,8
620,409,512,Move,33347880,8
620,409,512,Move,33347886,8
620,409,522,Unknown(522),33347895,8
620,409,512,Move,33347897,8
620,409,512,Move,33347925,8
620,409,512,Move,33347927,8
620,409,512,Move,33347929,8
620,409,522,Unknown(522),33347968,8
620,409,512,Move,33347989,8
620,409,512,Move,33347991,8
620,409,512,Move,33347993,8
620,409,512,Move,33347995,8
620,409,512,Move,33348003,8
620,409,512,Move,33348006,8
620,409,512,Move,33348008,8
620,409,512,Move,33348010,8
620,409,512,Move,33348012,8
620,409,512,Move,33348021,8
622,411,512,Move,33348839,8
622,419,512,Move,33348847,8
622,425,512,Move,33348855,8
622,435,512,Move,33348863,8
622,444,512,Move,33348871,8
622,474,512,Move,33348898,8
622,504,512,Move,33348925,8
622,512,512,Move,33348928,8
622,518,512,Move,33348935,8
622,521,512,Move,33348943,8
622,525,512,Move,33348951,8
622,528,512,Move,33348959,8
622,530,512,Move,33348967,8
622,533,512,Move,33348975,8
621,534,512,Move,33348983,8
620,535,512,Move,33348991,8
619,535,512,Move,33348999,8
619,536,512,Move,33349007,8
617,536,512,Move,33349015,8
616,535,512,Move,33349034,8
615,535,512,Move,33349263,8
616,535,512,Move,33349271,8
619,538,512,Move,33349279,8
619,539,512,Move,33349287,8
619,540,512,Move,33349295,8
619,542,512,Move,33349303,8
620,544,512,Move,33349311,8
622,547,512,Move,33349319,8
623,549,512,Move,33349327,8
625,552,512,Move,33349335,8
626,555,512,Move,33349343,8
627,558,512,Move,33349351,8
628,559,512,Move,33349359,8
628,561,512,Move,33349367,8
628,563,512,Move,33349375,8
628,565,512,Move,33349383,8
628,566,512,Move,33349391,8
628,567,512,Move,33349399,8
628,570,512,Move,33349425,8
628,571,512,Move,33349447,8
627,572,512,Move,33349455,8
626,572,512,Move,33349479,8
626,573,512,Move,33349511,8
625,573,512,Move,33349527,8
624,573,512,Move,33349567,8
624,573,513,Pressed,33349663,8
624,573,514,Released,33349759,8
624,573,512,Move,33349767,8
624,573,512,Move,33351266,8
624,573,512,Move,33351382,8
624,573,512,Move,33351635,8
624,573,512,Move,33352016,8
624,573,512,Move,33352164,8
624,573,512,Move,33352211,8
624,573,512,Move,33352358,8
624,573,512,Move,33352439,8
624,573,512,Move,33352568,8
624,573,512,Move,33352672,8
624,573,512,Move,33352743,8
624,573,512,Move,33352886,8
624,573,512,Move,33352886,8
624,573,512,Move,33352950,8
624,573,512,Move,33352990,8
624,573,512,Move,33353070,8
624,573,512,Move,33353465,8
624,573,512,Move,33353855,8
624,573,512,Move,33353857,8
624,573,512,Move,33353977,8
624,573,512,Move,33354008,8
624,573,512,Move,33354091,8
624,573,512,Move,33354537,8
624,573,512,Move,33354803,8
624,573,522,Unknown(522),33355631,8
624,573,512,Move,33355654,8
624,573,512,Move,33355654,8
624,573,512,Move,33355656,8
624,573,512,Move,33355656,8
624,573,512,Move,33355658,8
624,573,512,Move,33355658,8
624,573,512,Move,33355660,8
624,573,512,Move,33355665,8
624,573,512,Move,33355682,8
624,573,512,Move,33355682,8
624,573,512,Move,33355684,8
624,573,512,Move,33355693,8
624,573,512,Move,33355717,8
624,573,512,Move,33355717,8
624,573,512,Move,33355719,8
624,573,522,Unknown(522),33355735,8
624,573,512,Move,33355747,8
624,573,512,Move,33355747,8
624,573,512,Move,33355749,8
624,573,512,Move,33355758,8
624,573,512,Move,33355770,8
624,573,512,Move,33355771,8
624,573,512,Move,33355791,8
624,573,512,Move,33355791,8
624,573,512,Move,33355793,8
624,573,512,Move,33355802,8
624,573,522,Unknown(522),33355824,8
624,573,522,Unknown(522),33355824,8
624,573,512,Move,33355825,8
624,573,512,Move,33355861,8
624,573,512,Move,33355872,8
624,573,512,Move,33355873,8
624,573,512,Move,33355874,8
624,573,512,Move,33355875,8
624,573,512,Move,33355876,8
624,573,512,Move,33355884,8
624,573,512,Move,33355900,8
624,573,512,Move,33355900,8
624,573,512,Move,33355901,8
624,573,512,Move,33355911,8
624,573,512,Move,33355911,8
624,573,512,Move,33355913,8
624,573,512,Move,33355933,8
624,573,512,Move,33355933,8
624,573,512,Move,33359179,8
624,573,512,Move,33359327,8
624,573,512,Move,33359639,8
624,573,522,Unknown(522),33361527,8
624,573,512,Move,33361539,8
624,573,512,Move,33361540,8
624,573,512,Move,33361541,8
624,573,512,Move,33361542,8
624,573,512,Move,33361551,8
624,573,522,Unknown(522),33361559,8
624,573,512,Move,33361574,8
624,573,512,Move,33361574,8
624,573,512,Move,33361577,8
624,573,522,Unknown(522),33361583,8
624,573,512,Move,33361604,8
624,573,512,Move,33361604,8
624,573,512,Move,33361606,8
624,573,512,Move,33361606,8
624,573,512,Move,33361608,8
624,573,512,Move,33361615,8
624,573,522,Unknown(522),33361615,8
624,573,512,Move,33361637,8
624,573,512,Move,33361637,8
624,573,512,Move,33361639,8
624,573,512,Move,33361649,8
624,573,512,Move,33361661,8
624,573,512,Move,33361683,8
624,573,512,Move,33361684,8
624,573,512,Move,33361686,8
624,573,512,Move,33361691,8
624,573,512,Move,33361713,8
624,573,512,Move,33361714,8
624,573,512,Move,33361715,8
624,573,512,Move,33361725,8
623,573,512,Move,33361919,8
621,567,512,Move,33361927,8
617,559,512,Move,33361935,8
615,552,512,Move,33361943,8
613,545,512,Move,33361951,8
609,538,512,Move,33361959,8
607,532,512,Move,33361967,8
603,525,512,Move,33361975,8
601,517,512,Move,33361983,8
599,510,512,Move,33361991,8
597,506,512,Move,33361999,8
596,502,512,Move,33362007,8
596,499,512,Move,33362015,8
595,496,512,Move,33362023,8
595,494,512,Move,33362031,8
594,493,512,Move,33362039,8
594,491,512,Move,33362047,8
594,489,512,Move,33362055,8
594,487,512,Move,33362063,8
594,486,512,Move,33362071,8
594,484,512,Move,33362079,8
594,482,512,Move,33362087,8
594,478,512,Move,33362095,8
594,477,512,Move,33362103,8
594,476,512,Move,33362111,8
594,474,512,Move,33362119,8
594,472,512,Move,33362135,8
594,471,512,Move,33362151,8
594,469,512,Move,33362159,8
594,467,512,Move,33362175,8
594,466,512,Move,33362183,8
594,465,512,Move,33362191,8
594,464,512,Move,33362199,8
594,463,512,Move,33362207,8
594,462,512,Move,33362215,8
594,460,512,Move,33362223,8
594,458,512,Move,33362239,8
594,457,512,Move,33362247,8
594,456,512,Move,33362255,8
594,454,512,Move,33362263,8
594,453,512,Move,33362271,8
594,451,512,Move,33362279,8
594,450,512,Move,33362287,8
594,449,512,Move,33362295,8
594,448,512,Move,33362303,8
594,447,512,Move,33362311,8
594,446,512,Move,33362319,8
594,445,512,Move,33362327,8
594,444,512,Move,33362335,8
594,443,512,Move,33362351,8
594,442,512,Move,33362359,8
594,441,512,Move,33362383,8
594,440,512,Move,33362399,8
594,439,512,Move,33362425,8
594,438,512,Move,33362479,8
594,437,512,Move,33362503,8
594,436,512,Move,33362559,8
594,435,512,Move,33362583,8
594,434,512,Move,33362599,8
594,433,512,Move,33362623,8
594,433,516,Pressed,33362847,8
594,433,517,Released,33363015,8
594,433,512,Move,33363037,8
594,433,512,Move,33363040,8
595,434,512,Move,33363295,8
597,438,512,Move,33363303,8
608,451,512,Move,33363331,8
615,460,512,Move,33363355,8
617,463,512,Move,33363359,8
618,465,512,Move,33363367,8
620,467,512,Move,33363375,8
622,470,512,Move,33363383,8
623,471,512,Move,33363391,8
624,472,512,Move,33363399,8
625,472,512,Move,33363415,8
625,472,513,Pressed,33363591,8
625,472,514,Released,33363703,8
625,472,512,Move,33363759,8
625,472,512,Move,33364485,8
625,472,512,Move,33364488,8
625,472,512,Move,33364490,8
625,472,512,Move,33364606,8
625,472,512,Move,33364696,8
625,472,512,Move,33364706,8
625,472,512,Move,33364738,8
625,472,512,Move,33364739,8
625,472,512,Move,33364771,8
625,472,512,Move,33364841,8
625,472,512,Move,33364851,8
625,472,512,Move,33364855,8
625,472,522,Unknown(522),33364991,8
625,472,512,Move,33364993,8
625,472,512,Move,33364999,8
625,472,512,Move,33365010,8
625,472,512,Move,33365020,8
625,472,522,Unknown(522),33365023,8
625,472,512,Move,33365029,8
625,472,512,Move,33365040,8
625,472,512,Move,33365051,8
625,472,522,Unknown(522),33365055,8
625,472,512,Move,33365061,8
625,472,512,Move,33365071,8
625,472,512,Move,33365080,8
625,472,512,Move,33365091,8
625,472,512,Move,33365101,8
625,472,512,Move,33365112,8
625,472,522,Unknown(522),33365126,8
625,472,512,Move,33365131,8
625,472,512,Move,33365134,8
625,472,512,Move,33365145,8
625,472,512,Move,33365194,8
625,472,512,Move,33365197,8
625,472,512,Move,33365199,8
625,472,512,Move,33365261,8
625,472,512,Move,33365263,8
625,472,512,Move,33365269,8
625,472,512,Move,33365271,8
625,472,512,Move,33365273,8
625,472,512,Move,33365275,8
625,472,512,Move,33365802,8
625,472,512,Move,33365931,8
625,472,512,Move,33366335,8
625,475,512,Move,33383575,8
625,477,512,Move,33383583,8
625,479,512,Move,33383591,8
627,482,512,Move,33383599,8
629,485,512,Move,33383607,8
632,486,512,Move,33383615,8
635,488,512,Move,33383623,8
638,490,512,Move,33383631,8
638,492,512,Move,33383639,8
639,495,512,Move,33383647,8
640,495,512,Move,33383863,8
641,495,512,Move,33383871,8
643,494,512,Move,33383879,8
642,494,512,Move,33383887,8
643,494,512,Move,33383895,8
645,494,512,Move,33383903,8
646,493,512,Move,33383911,8
648,493,512,Move,33383919,8
650,492,512,Move,33383927,8
652,492,512,Move,33383935,8
654,492,512,Move,33383943,8
655,491,512,Move,33383951,8
656,491,512,Move,33383967,8
657,491,512,Move,33383975,8
657,490,512,Move,33384047,8
656,489,512,Move,33386727,8
655,489,512,Move,33386735,8
654,489,512,Move,33386743,8
654,488,512,Move,33386751,8
653,488,512,Move,33386775,8
652,488,512,Move,33386791,8
651,488,512,Move,33386799,8
652,487,512,Move,33389319,8
653,486,512,Move,33389327,8
656,485,512,Move,33389335,8
663,483,512,Move,33389343,8
669,481,512,Move,33389351,8
678,477,512,Move,33389359,8
687,475,512,Move,33389367,8
697,472,512,Move,33389375,8
701,469,512,Move,33389383,8
703,469,512,Move,33389391,8
703,468,512,Move,33389639,8
703,466,512,Move,33389647,8
702,466,512,Move,33389655,8
702,464,512,Move,33389663,8
702,463,512,Move,33389671,8
701,462,512,Move,33389679,8
701,461,512,Move,33389687,8
701,460,512,Move,33389695,8
700,460,512,Move,33389703,8
700,459,512,Move,33389711,8
699,458,512,Move,33389719,8
699,457,512,Move,33389735,8
699,456,512,Move,33389743,8
698,456,512,Move,33389751,8
698,455,512,Move,33389759,8
698,454,512,Move,33389767,8
697,454,512,Move,33389783,8
697,453,512,Move,33389791,8
697,452,512,Move,33389807,8
696,451,512,Move,33392639,8
694,449,512,Move,33392647,8
690,443,512,Move,33392655,8
683,436,512,Move,33392663,8
676,431,512,Move,33392671,8
668,424,512,Move,33392679,8
662,417,512,Move,33392687,8
657,409,512,Move,33392695,8
650,400,512,Move,33392703,8
631,374,512,Move,33392730,8
606,341,512,Move,33392757,8
600,332,512,Move,33392759,8
593,325,512,Move,33392767,8
587,315,512,Move,33392775,8
582,308,512,Move,33392783,8
576,302,512,Move,33392791,8
571,294,512,Move,33392799,8
566,288,512,Move,33392807,8
562,282,512,Move,33392815,8
559,278,512,Move,33392823,8
553,271,512,Move,33392848,8
552,269,512,Move,33392855,8
552,268,512,Move,33392863,8
551,267,512,Move,33392871,8
550,266,512,Move,33392879,8
549,265,512,Move,33392887,8
548,264,512,Move,33392895,8
546,264,512,Move,33392903,8
545,264,512,Move,33393143,8
545,263,512,Move,33393159,8
544,263,512,Move,33393167,8
543,263,512,Move,33393215,8
543,264,512,Move,33393295,8
542,264,512,Move,33393391,8
542,266,512,Move,33393927,8
542,268,512,Move,33393943,8
542,270,512,Move,33393951,8
542,271,512,Move,33393967,8
542,273,512,Move,33393975,8
543,273,512,Move,33393983,8
543,274,512,Move,33393991,8
543,275,512,Move,33393999,8
543,276,512,Move,33394015,8
543,276,516,Pressed,33394311,8
543,276,517,Released,33394407,8
543,276,512,Move,33394429,8
543,276,512,Move,33394434,8
543,277,512,Move,33394639,8
558,292,512,Move,33394665,8
576,311,512,Move,33394693,8
582,315,512,Move,33394695,8
586,319,512,Move,33394703,8
591,322,512,Move,33394711,8
594,324,512,Move,33394719,8
595,326,512,Move,33394727,8
597,327,512,Move,33394735,8
598,328,512,Move,33394743,8
598,329,512,Move,33394751,8
598,328,512,Move,33394903,8
598,327,512,Move,33394911,8
597,326,512,Move,33394919,8
595,325,512,Move,33394927,8
594,323,512,Move,33394935,8
594,322,512,Move,33394943,8
594,321,512,Move,33394951,8
593,320,512,Move,33394959,8
593,319,512,Move,33394967,8
593,318,512,Move,33394983,8
592,318,512,Move,33394999,8
592,317,512,Move,33395007,8
592,316,512,Move,33395031,8
591,316,512,Move,33395039,8
591,315,512,Move,33395047,8
591,314,512,Move,33395055,8
590,314,512,Move,33395063,8
590,313,512,Move,33395071,8
590,312,512,Move,33395079,8
589,311,512,Move,33395087,8
589,311,513,Pressed,33395175,8
589,311,514,Released,33395231,8
589,311,512,Move,33395287,8
591,311,512,Move,33395287,8
594,312,512,Move,33395295,8
600,315,512,Move,33395317,8
604,316,512,Move,33395319,8
608,319,512,Move,33395327,8
616,322,512,Move,33395335,8
623,325,512,Move,33395343,8
635,331,512,Move,33395351,8
647,335,512,Move,33395359,8
661,342,512,Move,33395367,8
675,349,512,Move,33395375,8
689,357,512,Move,33395383,8
704,364,512,Move,33395391,8
718,373,512,Move,33395399,8
732,381,512,Move,33395407,8
743,388,512,Move,33395415,8
756,396,512,Move,33395423,8
765,404,512,Move,33395431,8
771,409,512,Move,33395439,8
778,414,512,Move,33395447,8
783,420,512,Move,33395455,8
786,424,512,Move,33395463,8
790,428,512,Move,33395471,8
792,431,512,Move,33395479,8
792,433,512,Move,33395487,8
791,434,512,Move,33395495,8
792,434,512,Move,33395855,8
793,435,512,Move,33395863,8
793,436,512,Move,33395887,8
793,437,512,Move,33395895,8
792,437,512,Move,33395942,8
792,437,512,Move,33395945,8
792,437,512,Move,33395946,8
792,437,512,Move,33396058,8
792,437,512,Move,33396096,8
792,437,512,Move,33396113,8
792,437,512,Move,33396190,8
792,437,512,Move,33396212,8
792,437,512,Move,33396214,8
792,437,512,Move,33396231,8
792,437,512,Move,33396233,8
792,437,512,Move,33396546,8
792,437,512,Move,33396567,8
792,437,512,Move,33396573,8
792,437,512,Move,33396672,8
792,437,512,Move,33396726,8
792,437,512,Move,33397263,8
792,437,512,Move,33397269,8
791,437,512,Move,33397503,8
789,437,512,Move,33397511,8
788,438,512,Move,33397519,8
785,438,512,Move,33397527,8
781,438,512,Move,33397535,8
774,440,512,Move,33397543,8
765,441,512,Move,33397551,8
755,442,512,Move,33397559,8
742,443,512,Move,33397567,8
727,443,512,Move,33397575,8
712,443,512,Move,33397583,8
697,443,512,Move,33397591,8
681,443,512,Move,33397599,8
664,443,512,Move,33397607,8
647,443,512,Move,33397615,8
631,443,512,Move,33397623,8
619,441,512,Move,33397631,8
610,439,512,Move,33397639,8
603,435,512,Move,33397647,8
600,434,512,Move,33397655,8
597,432,512,Move,33397663,8
595,432,512,Move,33397943,8
593,432,512,Move,33397951,8
591,432,512,Move,33397959,8
588,431,512,Move,33397967,8
586,431,512,Move,33397975,8
584,431,512,Move,33397983,8
581,431,512,Move,33397991,8
579,431,512,Move,33398009,8
578,431,512,Move,33398015,8
577,431,512,Move,33398031,8
576,431,512,Move,33398047,8
576,430,512,Move,33398055,8
575,430,512,Move,33398063,8
574,430,512,Move,33398071,8
573,430,512,Move,33398079,8
572,430,512,Move,33398095,8
571,430,512,Move,33398103,8
571,429,512,Move,33398111,8
570,429,512,Move,33398119,8
569,429,512,Move,33398127,8
568,429,512,Move,33398135,8
567,429,512,Move,33398159,8
566,429,512,Move,33398167,8
566,428,512,Move,33398175,8
565,428,512,Move,33398183,8
565,427,512,Move,33398191,8
564,427,512,Move,33398199,8
564,426,512,Move,33398207,8
563,425,512,Move,33398215,8
563,424,512,Move,33398231,8
562,424,512,Move,33398239,8
561,423,512,Move,33398247,8
561,422,512,Move,33398255,8
560,421,512,Move,33398263,8
558,420,512,Move,33398271,8
557,418,512,Move,33398279,8
556,416,512,Move,33398287,8
555,415,512,Move,33398295,8
553,413,512,Move,33398303,8
552,412,512,Move,33398311,8
552,411,512,Move,33398319,8
551,411,512,Move,33398327,8
551,410,512,Move,33398335,8
551,409,512,Move,33398343,8
550,409,512,Move,33398351,8
550,408,512,Move,33398359,8
550,406,512,Move,33398367,8
550,404,512,Move,33398393,8
550,403,512,Move,33398399,8
550,402,512,Move,33398431,8
550,401,512,Move,33398447,8
550,400,512,Move,33398487,8
550,400,512,Move,33399863,8
550,400,516,Pressed,33400255,8
550,400,517,Released,33400343,8
550,400,512,Move,33400366,8
550,400,512,Move,33400369,8
550,400,518,doubleclick,33400383,8
550,400,517,Released,33400407,8
551,401,512,Move,33400591,8
553,406,512,Move,33400599,8
565,421,512,Move,33400626,8
568,425,512,Move,33400631,8
570,428,512,Move,33400639,8
571,430,512,Move,33400647,8
573,433,512,Move,33400655,8
575,435,512,Move,33400663,8
576,436,512,Move,33400671,8
577,437,512,Move,33400679,8
577,438,512,Move,33400687,8
577,438,513,Pressed,33400911,8
577,438,514,Released,33400967,8
587,438,512,Move,33401024,8
591,438,512,Move,33401031,8
595,439,512,Move,33401039,8
599,441,512,Move,33401047,8
605,444,512,Move,33401055,8
611,446,512,Move,33401063,8
618,448,512,Move,33401071,8
627,452,512,Move,33401079,8
636,456,512,Move,33401087,8
646,460,512,Move,33401095,8
655,464,512,Move,33401103,8
664,469,512,Move,33401111,8
671,471,512,Move,33401119,8
677,475,512,Move,33401127,8
683,477,512,Move,33401135,8
685,479,512,Move,33401143,8
687,479,512,Move,33401151,8
687,479,522,Unknown(522),33401471,8
687,479,512,Move,33401482,8
687,479,512,Move,33401492,8
687,479,522,Unknown(522),33401495,8
687,479,512,Move,33401502,8
687,479,522,Unknown(522),33401511,8
687,479,512,Move,33401513,8
687,479,512,Move,33401523,8
687,479,522,Unknown(522),33401527,8
687,479,512,Move,33401532,8
687,479,512,Move,33401541,8
687,479,522,Unknown(522),33401543,8
687,479,522,Unknown(522),33401551,8
687,479,512,Move,33401552,8
687,479,512,Move,33401560,8
687,479,512,Move,33401570,8
687,479,522,Unknown(522),33401575,8
687,479,512,Move,33401580,8
687,479,512,Move,33401590,8
687,479,512,Move,33401599,8
687,479,512,Move,33401609,8
687,479,512,Move,33401620,8
687,479,512,Move,33401630,8
687,479,512,Move,33401641,8
687,479,512,Move,33401664,8
687,479,512,Move,33401666,8
687,479,512,Move,33401668,8
687,479,512,Move,33401670,8
687,479,512,Move,33401672,8
687,479,512,Move,33401674,8
687,479,512,Move,33401833,8
687,479,512,Move,33401869,8
687,479,512,Move,33401878,8
687,479,512,Move,33401909,8
687,479,512,Move,33401968,8
687,479,512,Move,33401994,8
687,479,512,Move,33401996,8
687,479,512,Move,33402014,8
687,479,512,Move,33402017,8
687,479,512,Move,33402140,8
687,479,512,Move,33402433,8
687,479,512,Move,33402454,8
687,479,512,Move,33402641,8
687,479,512,Move,33402940,8
687,479,522,Unknown(522),33402956,8
687,479,522,Unknown(522),33402992,8
687,479,512,Move,33402994,8
687,479,522,Unknown(522),33403043,8
687,479,512,Move,33403050,8
687,479,512,Move,33403053,8
687,479,512,Move,33403055,8
687,479,512,Move,33403058,8
687,479,512,Move,33403061,8
687,479,512,Move,33403078,8
687,479,512,Move,33403080,8
687,479,512,Move,33403082,8
687,479,512,Move,33403084,8
687,479,512,Move,33403086,8
687,479,512,Move,33403207,8
687,479,522,Unknown(522),33404015,8
687,479,512,Move,33404032,8
687,479,512,Move,33404041,8
687,479,512,Move,33404051,8
687,479,512,Move,33404059,8
687,479,512,Move,33404068,8
687,479,512,Move,33404077,8
687,479,512,Move,33404087,8
687,479,512,Move,33404095,8
687,479,512,Move,33404103,8
687,479,512,Move,33404131,8
687,479,512,Move,33404713,8
687,479,522,Unknown(522),33405063,8
687,479,522,Unknown(522),33405111,8
687,479,512,Move,33405120,8
687,479,512,Move,33405148,8
687,479,512,Move,33405150,8
687,479,512,Move,33405152,8
687,479,512,Move,33405155,8
687,479,512,Move,33405157,8
687,479,522,Unknown(522),33405159,8
687,479,512,Move,33405160,8
687,479,512,Move,33405162,8
687,479,512,Move,33405164,8
687,479,512,Move,33405166,8
687,479,512,Move,33405200,8
687,479,512,Move,33405202,8
687,479,512,Move,33405230,8
687,479,512,Move,33405233,8
687,479,512,Move,33405235,8
687,479,512,Move,33405237,8
687,479,512,Move,33405239,8
687,479,522,Unknown(522),33408503,8
687,479,512,Move,33408510,8
687,479,512,Move,33408520,8
687,479,512,Move,33408530,8
687,479,512,Move,33408545,8
687,479,522,Unknown(522),33408551,8
687,479,512,Move,33408560,8
687,479,512,Move,33408573,8
687,479,522,Unknown(522),33408598,8
687,479,512,Move,33408602,8
687,479,512,Move,33408605,8
687,479,522,Unknown(522),33408630,8
687,479,512,Move,33408634,8
687,479,512,Move,33408638,8
687,479,512,Move,33408640,8
687,479,512,Move,33408645,8
687,479,512,Move,33408647,8
687,479,512,Move,33408650,8
687,479,512,Move,33408652,8
687,479,512,Move,33408658,8
687,479,522,Unknown(522),33408663,8
687,479,512,Move,33408668,8
687,479,512,Move,33408679,8
687,479,512,Move,33408689,8
687,479,512,Move,33408699,8
687,479,512,Move,33408708,8
687,479,512,Move,33408719,8
687,479,512,Move,33408729,8
687,479,512,Move,33408738,8
687,479,512,Move,33408748,8
687,479,512,Move,33408759,8
687,479,522,Unknown(522),33409575,8
687,479,512,Move,33409579,8
687,479,512,Move,33409590,8
687,479,512,Move,33409600,8
687,479,512,Move,33409609,8
687,479,522,Unknown(522),33409615,8
687,479,512,Move,33409619,8
687,479,512,Move,33409629,8
687,479,512,Move,33409641,8
687,479,522,Unknown(522),33409647,8
687,479,512,Move,33409651,8
687,479,512,Move,33409678,8
687,479,522,Unknown(522),33409703,8
687,479,512,Move,33409707,8
687,479,512,Move,33409709,8
687,479,512,Move,33409712,8
687,479,512,Move,33409714,8
687,479,512,Move,33409716,8
687,479,512,Move,33409718,8
687,479,512,Move,33409726,8
687,479,512,Move,33409736,8
687,479,512,Move,33409746,8
687,479,512,Move,33409758,8
687,479,522,Unknown(522),33411383,8
687,479,512,Move,33411394,8
687,479,512,Move,33411404,8
687,479,512,Move,33411414,8
687,479,512,Move,33411425,8
687,479,512,Move,33411435,8
687,479,512,Move,33411444,8
687,479,512,Move,33411454,8
687,479,512,Move,33411465,8
687,479,512,Move,33411475,8
687,479,512,Move,33411485,8
684,480,512,Move,33411847,8
677,477,512,Move,33411855,8
665,470,512,Move,33411863,8
650,463,512,Move,33411871,8
636,457,512,Move,33411879,8
622,451,512,Move,33411887,8
610,446,512,Move,33411895,8
599,440,512,Move,33411903,8
589,435,512,Move,33411911,8
580,430,512,Move,33411919,8
575,428,512,Move,33411927,8
566,423,512,Move,33411935,8
559,419,512,Move,33411943,8
554,418,512,Move,33411951,8
549,416,512,Move,33411959,8
549,414,512,Move,33411967,8
545,412,512,Move,33411994,8
544,412,512,Move,33412023,8
543,412,512,Move,33412039,8
542,412,512,Move,33412087,8
541,412,512,Move,33412119,8
540,412,512,Move,33412127,8
540,411,512,Move,33412143,8
539,411,512,Move,33412151,8
538,411,512,Move,33412167,8
537,411,512,Move,33412199,8
537,411,516,Pressed,33412615,8
537,411,517,Released,33412727,8
537,411,512,Move,33412751,8
537,411,512,Move,33412754,8
537,412,512,Move,33413063,8
542,418,512,Move,33413089,8
547,425,512,Move,33413117,8
549,427,512,Move,33413119,8
551,429,512,Move,33413127,8
553,431,512,Move,33413135,8
554,433,512,Move,33413143,8
556,434,512,Move,33413151,8
556,435,512,Move,33413159,8
556,436,512,Move,33413183,8
556,437,512,Move,33413231,8
557,438,512,Move,33413239,8
558,438,512,Move,33413247,8
558,439,512,Move,33413255,8
558,441,512,Move,33413263,8
559,442,512,Move,33413279,8
560,442,512,Move,33413287,8
560,443,512,Move,33413303,8
560,443,513,Pressed,33413535,8
560,443,514,Released,33413672,8
560,443,512,Move,33413745,8
561,443,512,Move,33413751,8
562,445,512,Move,33413759,8
563,446,512,Move,33413767,8
566,447,512,Move,33413775,8
569,450,512,Move,33413783,8
573,452,512,Move,33413791,8
578,456,512,Move,33413799,8
584,460,512,Move,33413807,8
592,464,512,Move,33413815,8
602,470,512,Move,33413823,8
611,475,512,Move,33413831,8
617,479,512,Move,33413839,8
624,482,512,Move,33413847,8
633,484,512,Move,33413855,8
638,488,512,Move,33413863,8
646,492,512,Move,33413871,8
653,495,512,Move,33413879,8
660,498,512,Move,33413887,8
666,500,512,Move,33413895,8
673,502,512,Move,33413903,8
682,504,512,Move,33413911,8
690,505,512,Move,33413919,8
696,506,512,Move,33413928,8
703,507,512,Move,33413935,8
708,508,512,Move,33413943,8
710,508,512,Move,33413951,8
711,508,512,Move,33413959,8
709,508,512,Move,33413967,8
709,507,512,Move,33414383,8
708,507,512,Move,33414391,8
707,507,512,Move,33414407,8
707,506,512,Move,33414415,8
706,505,512,Move,33414463,8
705,505,512,Move,33414471,8
704,505,512,Move,33414479,8
704,504,512,Move,33414487,8
703,504,512,Move,33414495,8
702,504,512,Move,33414511,8
702,503,512,Move,33414535,8
701,503,512,Move,33414583,8
701,502,512,Move,33414599,8
701,501,512,Move,33414623,8
701,500,512,Move,33414639,8
701,499,512,Move,33414663,8
701,498,512,Move,33414679,8
701,498,522,Unknown(522),33415375,8
701,498,512,Move,33415387,8
701,498,512,Move,33415397,8
701,498,512,Move,33415406,8
701,498,522,Unknown(522),33415407,8
701,498,512,Move,33415415,8
701,498,512,Move,33415428,8
701,498,512,Move,33415437,8
701,498,522,Unknown(522),33415439,8
701,498,512,Move,33415447,8
701,498,512,Move,33415456,8
701,498,512,Move,33415467,8
701,498,512,Move,33415477,8
701,498,522,Unknown(522),33415479,8
701,498,512,Move,33415487,8
701,498,512,Move,33415496,8
701,498,512,Move,33415505,8
701,498,512,Move,33415516,8
701,498,512,Move,33415528,8
701,498,512,Move,33415536,8
701,498,512,Move,33415545,8
701,498,512,Move,33415557,8
701,498,512,Move,33415586,8
701,498,512,Move,33415614,8
701,498,522,Unknown(522),33416263,8
701,498,512,Move,33416270,8
701,498,512,Move,33416279,8
701,498,512,Move,33416289,8
701,498,522,Unknown(522),33416295,8
701,498,512,Move,33416300,8
701,498,512,Move,33416310,8
701,498,512,Move,33416321,8
701,498,522,Unknown(522),33416327,8
701,498,512,Move,33416330,8
701,498,512,Move,33416341,8
701,498,512,Move,33416352,8
701,498,512,Move,33416363,8
701,498,512,Move,33416374,8
701,498,512,Move,33416385,8
701,498,512,Move,33416395,8
701,498,512,Move,33416405,8
701,498,512,Move,33416415,8
701,498,512,Move,33416429,8
701,498,522,Unknown(522),33416919,8
701,498,512,Move,33416931,8
701,498,512,Move,33416941,8
701,498,512,Move,33416950,8
701,498,512,Move,33416959,8
701,498,512,Move,33416970,8
701,498,512,Move,33416980,8
701,498,512,Move,33416990,8
701,498,512,Move,33416998,8
701,498,512,Move,33417013,8
701,498,512,Move,33417019,8
701,498,522,Unknown(522),33417455,8
701,498,512,Move,33417467,8
701,498,512,Move,33417477,8
701,498,512,Move,33417487,8
701,498,512,Move,33417496,8
701,498,512,Move,33417507,8
701,498,512,Move,33417517,8
701,498,522,Unknown(522),33417519,8
701,498,512,Move,33417527,8
701,498,512,Move,33417556,8
701,498,512,Move,33417558,8
701,498,512,Move,33417587,8
701,498,512,Move,33417589,8
701,498,512,Move,33417591,8
701,498,512,Move,33417593,8
701,498,512,Move,33417596,8
701,498,512,Move,33417599,8
701,498,512,Move,33417610,8
701,498,522,Unknown(522),33417777,8
701,498,512,Move,33417780,8
701,498,512,Move,33417782,8
701,498,512,Move,33417788,8
701,498,512,Move,33417800,8
701,498,512,Move,33417811,8
701,498,512,Move,33417821,8
701,498,512,Move,33417832,8
701,498,512,Move,33417844,8
701,498,512,Move,33417855,8
701,498,512,Move,33417868,8
701,498,522,Unknown(522),33419879,8
701,498,512,Move,33419891,8
701,498,512,Move,33419901,8
701,498,522,Unknown(522),33419903,8
701,498,512,Move,33419911,8
701,498,512,Move,33419921,8
701,498,512,Move,33419931,8
701,498,522,Unknown(522),33419956,8
701,498,512,Move,33419958,8
701,498,512,Move,33419961,8
701,498,522,Unknown(522),33419986,8
701,498,512,Move,33419991,8
701,498,512,Move,33419996,8
701,498,512,Move,33419999,8
701,498,512,Move,33420001,8
701,498,512,Move,33420004,8
701,498,512,Move,33420007,8
701,498,512,Move,33420018,8
701,498,512,Move,33420023,8
701,498,512,Move,33420033,8
701,498,512,Move,33420042,8
701,498,522,Unknown(522),33420775,8
701,498,512,Move,33420786,8
701,498,512,Move,33420797,8
701,498,522,Unknown(522),33420799,8
701,498,512,Move,33420810,8
701,498,522,Unknown(522),33420815,8
701,498,512,Move,33420820,8
701,498,512,Move,33420830,8
701,498,522,Unknown(522),33420839,8
701,498,512,Move,33420841,8
701,498,512,Move,33420850,8
701,498,512,Move,33420860,8
701,498,512,Move,33420868,8
701,498,512,Move,33420878,8
701,498,522,Unknown(522),33420887,8
701,498,512,Move,33420888,8
701,498,512,Move,33420897,8
701,498,512,Move,33420924,8
701,498,512,Move,33420951,8
701,498,512,Move,33420953,8
701,498,512,Move,33420956,8
701,498,512,Move,33420958,8
701,498,512,Move,33420963,8
701,498,512,Move,33420965,8
701,498,512,Move,33420970,8
701,498,512,Move,33420981,8
701,498,522,Unknown(522),33422047,8
701,498,512,Move,33422052,8
701,498,512,Move,33422062,8
701,498,512,Move,33422073,8
701,498,512,Move,33422082,8
701,498,522,Unknown(522),33422118,8
701,498,512,Move,33422120,8
701,498,512,Move,33422123,8
701,498,512,Move,33422124,8
701,498,512,Move,33422126,8
701,498,512,Move,33422131,8
701,498,512,Move,33422141,8
701,498,512,Move,33422150,8
701,498,512,Move,33422160,8
701,498,512,Move,33422170,8
701,498,512,Move,33422181,8
700,498,512,Move,33422327,8
699,498,512,Move,33422335,8
698,498,512,Move,33422343,8
695,501,512,Move,33422351,8
689,505,512,Move,33422359,8
683,506,512,Move,33422367,8
676,509,512,Move,33422375,8
670,512,512,Move,33422383,8
666,514,512,Move,33422391,8
660,517,512,Move,33422399,8
655,520,512,Move,33422407,8
652,520,512,Move,33422415,8
645,523,512,Move,33422423,8
640,525,512,Move,33422431,8
636,527,512,Move,33422439,8
630,528,512,Move,33422447,8
626,531,512,Move,33422455,8
622,532,512,Move,33422463,8
616,536,512,Move,33422471,8
611,538,512,Move,33422479,8
605,542,512,Move,33422487,8
599,545,512,Move,33422495,8
593,550,512,Move,33422503,8
588,553,512,Move,33422511,8
581,558,512,Move,33422519,8
578,561,512,Move,33422527,8
574,564,512,Move,33422535,8
571,566,512,Move,33422543,8
569,569,512,Move,33422551,8
567,571,512,Move,33422559,8
566,573,512,Move,33422567,8
565,575,512,Move,33422575,8
565,577,512,Move,33422583,8
564,580,512,Move,33422591,8
563,580,512,Move,33422599,8
563,582,512,Move,33422607,8
564,580,512,Move,33422631,8
565,579,512,Move,33422647,8
567,579,512,Move,33422655,8
566,579,512,Move,33422975,8
567,580,512,Move,33422991,8
568,580,512,Move,33422999,8
568,581,512,Move,33423031,8
567,581,512,Move,33423175,8
567,582,512,Move,33423231,8
567,583,512,Move,33423247,8
567,584,512,Move,33423295,8
566,584,512,Move,33423311,8
566,585,512,Move,33423335,8
566,586,512,Move,33423343,8
565,586,512,Move,33423351,8
565,587,512,Move,33423391,8
564,587,512,Move,33423399,8
564,587,513,Pressed,33423855,8
564,587,514,Released,33424007,8
564,587,512,Move,33424016,8
564,586,512,Move,33426031,8
565,585,512,Move,33426048,8
566,584,512,Move,33426079,8
567,584,512,Move,33426087,8
567,583,512,Move,33426103,8
568,583,512,Move,33426111,8
569,583,512,Move,33426119,8
569,582,512,Move,33426127,8
571,581,512,Move,33426135,8
576,575,512,Move,33426153,8
579,569,512,Move,33426159,8
583,563,512,Move,33426167,8
588,551,512,Move,33426175,8
592,541,512,Move,33426183,8
596,525,512,Move,33426191,8
599,510,512,Move,33426199,8
599,490,512,Move,33426207,8
597,469,512,Move,33426215,8
592,442,512,Move,33426223,8
567,385,512,Move,33426246,8
510,302,512,Move,33426268,8
467,266,512,Move,33426285,8
443,250,512,Move,33426288,8
411,233,512,Move,33426295,8
388,221,512,Move,33426303,8
368,209,512,Move,33426311,8
352,202,512,Move,33426319,8
340,194,512,Move,33426327,8
329,189,512,Move,33426335,8
320,184,512,Move,33426343,8
310,180,512,Move,33426351,8
301,177,512,Move,33426359,8
288,171,512,Move,33426376,8
282,169,512,Move,33426383,8
277,167,512,Move,33426391,8
273,166,512,Move,33426399,8
269,164,512,Move,33426407,8
263,163,512,Move,33426415,8
259,162,512,Move,33426423,8
254,162,512,Move,33426431,8
250,161,512,Move,33426439,8
246,160,512,Move,33426447,8
240,157,512,Move,33426469,8
237,156,512,Move,33426471,8
235,155,512,Move,33426479,8
233,154,512,Move,33426487,8
231,153,512,Move,33426495,8
228,152,512,Move,33426503,8
225,150,512,Move,33426511,8
222,149,512,Move,33426519,8
219,148,512,Move,33426527,8
213,148,512,Move,33426535,8
210,147,512,Move,33426543,8
202,145,512,Move,33426562,8
197,145,512,Move,33426567,8
191,143,512,Move,33426575,8
187,142,512,Move,33426583,8
182,141,512,Move,33426591,8
178,141,512,Move,33426599,8
174,140,512,Move,33426607,8
172,139,512,Move,33426615,8
170,139,512,Move,33426623,8
168,137,512,Move,33426631,8
167,136,512,Move,33426639,8
166,136,512,Move,33426654,8
165,134,512,Move,33426655,8
164,133,512,Move,33426663,8
163,132,512,Move,33426679,8
162,131,512,Move,33426687,8
161,130,512,Move,33426695,8
160,129,512,Move,33426703,8
159,128,512,Move,33426711,8
158,127,512,Move,33426719,8
157,125,512,Move,33426747,8
157,125,513,Pressed,33426804,8
157,125,512,Move,33426836,8
157,125,514,Released,33426899,8
157,125,512,Move,33426903,8
158,125,512,Move,33426920,8
160,124,512,Move,33426948,8
160,125,512,Move,33427031,8
162,127,512,Move,33427039,8
165,129,512,Move,33427047,8
167,132,512,Move,33427055,8
171,134,512,Move,33427063,8
177,139,512,Move,33427071,8
183,144,512,Move,33427085,8
190,150,512,Move,33427089,8
199,157,512,Move,33427095,8
209,163,512,Move,33427103,8
218,174,512,Move,33427111,8
228,184,512,Move,33427119,8
238,193,512,Move,33427127,8
248,204,512,Move,33427135,8
256,213,512,Move,33427143,8
264,226,512,Move,33427151,8
272,235,512,Move,33427159,8
280,246,512,Move,33427174,8
289,257,512,Move,33427176,8
304,286,512,Move,33427204,8
319,317,512,Move,33427233,8
323,322,512,Move,33427240,8
325,328,512,Move,33427247,8
327,332,512,Move,33427255,8
329,338,512,Move,33427265,8
331,342,512,Move,33427271,8
333,346,512,Move,33427279,8
335,350,512,Move,33427287,8
338,356,512,Move,33427295,8
340,360,512,Move,33427303,8
343,364,512,Move,33427311,8
346,369,512,Move,33427319,8
350,375,512,Move,33427327,8
355,381,512,Move,33427335,8
358,385,512,Move,33427343,8
364,393,512,Move,33427351,8
366,395,512,Move,33427364,8
372,401,512,Move,33427367,8
376,405,512,Move,33427375,8
382,409,512,Move,33427383,8
388,412,512,Move,33427391,8
392,416,512,Move,33427399,8
395,417,512,Move,33427407,8
398,418,512,Move,33427415,8
398,419,512,Move,33427423,8
400,420,512,Move,33427431,8
402,421,512,Move,33427439,8
403,422,512,Move,33427447,8
404,422,512,Move,33427463,8
405,422,512,Move,33427487,8
406,422,512,Move,33427503,8
406,422,522,Unknown(522),33427591,8
406,422,512,Move,33427602,8
406,422,522,Unknown(522),33427607,8
406,422,512,Move,33427611,8
406,422,512,Move,33427619,8
406,422,512,Move,33427630,8
406,422,522,Unknown(522),33427631,8
406,422,512,Move,33427640,8
406,422,522,Unknown(522),33427647,8
406,422,512,Move,33427650,8
406,422,522,Unknown(522),33427663,8
406,422,512,Move,33427666,8
406,422,512,Move,33427680,8
406,422,512,Move,33427692,8
406,422,512,Move,33427701,8
406,422,522,Unknown(522),33427703,8
406,422,512,Move,33427709,8
406,422,512,Move,33427719,8
406,422,512,Move,33427728,8
406,422,512,Move,33427736,8
406,422,512,Move,33427745,8
406,422,512,Move,33427755,8
406,422,512,Move,33427765,8
406,422,512,Move,33427773,8
406,422,512,Move,33427940,8
406,422,512,Move,33427951,8
405,422,512,Move,33428023,8
404,422,512,Move,33428031,8
403,422,512,Move,33428040,8
402,422,512,Move,33428055,8
401,422,512,Move,33428079,8
400,422,512,Move,33428255,8
400,421,512,Move,33428263,8
399,419,512,Move,33428271,8
399,417,512,Move,33428279,8
398,415,512,Move,33428287,8
397,412,512,Move,33428295,8
396,409,512,Move,33428303,8
396,406,512,Move,33428317,8
395,402,512,Move,33428319,8
395,398,512,Move,33428327,8
394,394,512,Move,33428335,8
394,389,512,Move,33428343,8
392,382,512,Move,33428351,8
391,375,512,Move,33428359,8
390,368,512,Move,33428367,8
389,363,512,Move,33428375,8
387,357,512,Move,33428383,8
386,352,512,Move,33428391,8
384,345,512,Move,33428399,8
382,340,512,Move,33428412,8
382,335,512,Move,33428415,8
381,332,512,Move,33428423,8
381,329,512,Move,33428431,8
381,327,512,Move,33428439,8
381,326,512,Move,33428447,8
381,324,512,Move,33428455,8
381,322,512,Move,33428463,8
381,320,512,Move,33428479,8
381,319,512,Move,33428487,8
381,318,512,Move,33428495,8
381,317,512,Move,33428508,8
381,316,512,Move,33428511,8
381,314,512,Move,33428537,8
381,313,512,Move,33428543,8
381,312,512,Move,33428551,8
381,311,512,Move,33428559,8
381,310,512,Move,33428583,8
381,309,512,Move,33428591,8
381,308,512,Move,33428663,8
381,307,512,Move,33428687,8
381,306,512,Move,33428695,8
380,306,512,Move,33428704,8
380,305,512,Move,33428711,8
380,304,512,Move,33428719,8
380,303,512,Move,33428727,8
380,303,516,Pressed,33428815,8
379,303,512,Move,33428823,8
379,303,517,Released,33428967,8
379,303,512,Move,33428989,8
379,303,512,Move,33428991,8
379,304,512,Move,33429231,8
380,306,512,Move,33429239,8
381,310,512,Move,33429247,8
386,321,512,Move,33429276,8
387,326,512,Move,33429279,8
391,332,512,Move,33429288,8
393,338,512,Move,33429295,8
395,343,512,Move,33429303,8
397,349,512,Move,33429311,8
400,355,512,Move,33429319,8
402,360,512,Move,33429327,8
404,366,512,Move,33429335,8
405,370,512,Move,33429343,8
407,376,512,Move,33429351,8
409,380,512,Move,33429359,8
410,384,512,Move,33429367,8
411,387,512,Move,33429375,8
413,392,512,Move,33429384,8
415,394,512,Move,33429391,8
416,397,512,Move,33429399,8
417,400,512,Move,33429407,8
417,401,512,Move,33429415,8
417,403,512,Move,33429423,8
417,405,512,Move,33429431,8
417,406,512,Move,33429439,8
417,408,512,Move,33429447,8
417,409,512,Move,33429455,8
417,410,512,Move,33429471,8
417,411,512,Move,33429482,8
417,412,512,Move,33429495,8
417,413,512,Move,33429503,8
417,414,512,Move,33429511,8
417,415,512,Move,33429527,8
417,416,512,Move,33429535,8
417,417,512,Move,33429551,8
417,418,512,Move,33429559,8
417,419,512,Move,33429583,8
417,420,512,Move,33429591,8
418,422,512,Move,33429599,8
419,424,512,Move,33429607,8
420,426,512,Move,33429615,8
421,427,512,Move,33429623,8
422,429,512,Move,33429631,8
422,431,512,Move,33429639,8
423,432,512,Move,33429647,8
424,434,512,Move,33429655,8
425,436,512,Move,33429671,8
425,437,512,Move,33429672,8
425,438,512,Move,33429687,8
425,440,512,Move,33429695,8
425,441,512,Move,33429727,8
425,442,512,Move,33429735,8
425,443,512,Move,33429751,8
425,444,512,Move,33429767,8
425,445,512,Move,33429791,8
425,445,512,Move,33429887,8
425,445,513,Pressed,33429888,8
425,445,512,Move,33429948,8
425,445,514,Released,33429975,8
425,445,512,Move,33430023,8
425,445,512,Move,33430056,8
425,445,512,Move,33430056,8
425,445,512,Move,33430057,8
425,445,512,Move,33430057,8
425,445,512,Move,33430058,8
425,445,512,Move,33430058,8
425,445,512,Move,33430059,8
425,445,512,Move,33430060,8
425,445,512,Move,33430060,8
425,445,512,Move,33430060,8
425,445,512,Move,33430061,8
425,445,512,Move,33430062,8
425,445,512,Move,33430062,8
425,445,512,Move,33430064,8
425,445,512,Move,33430064,8
425,445,512,Move,33430065,8
425,445,512,Move,33430065,8
425,445,512,Move,33430178,8
432,445,512,Move,33430178,8
434,445,512,Move,33430196,8
436,445,512,Move,33430205,8
437,445,512,Move,33430207,8
438,445,512,Move,33430223,8
453,447,512,Move,33430333,25
453,447,512,Move,33430333,25
455,448,512,Move,33430335,25
455,448,512,Move,33430336,25
456,448,512,Move,33430350,25
456,448,512,Move,33430351,25
458,448,512,Move,33430352,25
458,448,512,Move,33430352,25
460,449,512,Move,33430362,25
460,449,512,Move,33430363,25
461,450,512,Move,33430372,25
461,450,512,Move,33430373,25
463,451,512,Move,33430375,25
466,452,512,Move,33430383,25
468,453,160,Move,33430391,25
470,454,160,Move,33430399,25
473,455,512,Move,33430407,25
475,455,512,Move,33430415,25
478,457,512,Move,33430423,25
480,458,512,Move,33430431,25
483,459,512,Move,33430439,25
485,460,512,Move,33430447,25
488,461,512,Move,33430455,25
490,462,512,Move,33430463,25
493,463,512,Move,33430473,25
493,463,512,Move,33430474,25
496,464,512,Move,33430479,25
498,464,512,Move,33430487,25
499,465,512,Move,33430495,25
501,466,512,Move,33430503,25
502,466,512,Move,33430511,25
503,466,512,Move,33430527,25
504,466,512,Move,33430543,25
504,466,512,Move,33430581,25
505,466,512,Move,33430583,25
507,468,512,Move,33430591,25
509,469,512,Move,33430599,25
512,472,512,Move,33430607,25
516,474,512,Move,33430615,25
522,477,512,Move,33430623,25
529,481,512,Move,33430631,25
535,484,512,Move,33430639,25
541,487,512,Move,33430647,25
545,490,512,Move,33430660,25
545,490,512,Move,33430661,25
551,491,512,Move,33430663,25
555,493,512,Move,33430671,25
558,494,512,Move,33430679,25
560,495,512,Move,33430687,25
563,497,512,Move,33430695,25
566,497,512,Move,33430703,25
569,498,512,Move,33430711,25
570,498,512,Move,33430719,25
571,498,512,Move,33430727,25
573,499,512,Move,33430735,25
574,499,512,Move,33430753,25
574,499,512,Move,33430753,25
575,499,512,Move,33430759,25
576,499,512,Move,33430775,25
577,499,512,Move,33430791,25
578,499,512,Move,33430855,25
578,499,513,Pressed,33430951,25
578,499,514,Released,33431039,25
578,499,512,Move,33431068,8
578,499,512,Move,33431188,25
578,499,512,Move,33431189,25
578,499,512,Move,33431212,25
578,498,512,Move,33431232,25
578,498,512,Move,33431233,25
577,496,512,Move,33431240,25
577,496,512,Move,33431241,25
576,493,512,Move,33431252,25
576,493,512,Move,33431252,25
575,491,512,Move,33431255,25
575,491,512,Move,33431256,25
575,486,512,Move,33431263,25
573,480,512,Move,33431271,25
573,475,512,Move,33431279,25
573,468,512,Move,33431292,25
573,468,512,Move,33431292,25
679,209,512,Move,33431495,25
688,201,512,Move,33431503,25
688,201,512,Move,33431508,25
847,129,512,Move,33431637,25
847,129,512,Move,33431637,25
854,126,512,Move,33431650,25
854,126,512,Move,33431651,25
859,122,512,Move,33431672,25
859,122,512,Move,33431673,25
863,119,512,Move,33431692,25
863,119,512,Move,33431692,25
866,117,512,Move,33431697,25
866,117,512,Move,33431697,25
868,116,512,Move,33431703,25
871,115,512,Move,33431711,25
874,114,512,Move,33431719,25
878,114,512,Move,33431727,25
882,111,512,Move,33431735,25
887,109,512,Move,33431743,25
893,107,512,Move,33431751,25
897,106,512,Move,33431759,25
901,104,512,Move,33431767,25
905,102,512,Move,33431775,25
908,101,512,Move,33431783,25
911,99,512,Move,33431791,25
914,98,512,Move,33431799,25
915,97,512,Move,33431807,25
918,95,512,Move,33431815,25
920,94,512,Move,33431823,25
923,92,512,Move,33431831,25
925,90,512,Move,33431839,25
925,90,512,Move,33431840,25
928,88,512,Move,33431847,25
931,86,512,Move,33431855,25
934,83,512,Move,33431863,25
937,81,512,Move,33431871,25
937,81,512,Move,33431872,25
941,78,512,Move,33431879,25
944,76,512,Move,33431887,25
946,75,512,Move,33431895,25
949,72,512,Move,33431903,25
952,70,512,Move,33431912,25
954,68,512,Move,33431919,25
957,66,512,Move,33431927,25
958,64,512,Move,33431935,25
960,63,512,Move,33431943,25
961,61,512,Move,33431951,25
963,59,512,Move,33431959,25
964,58,512,Move,33431967,25
964,57,512,Move,33431975,25
966,55,512,Move,33431983,25
968,53,512,Move,33431991,25
969,53,512,Move,33431999,25
969,51,512,Move,33432007,25
970,50,512,Move,33432015,25
971,50,512,Move,33432023,25
972,49,512,Move,33432031,25
972,48,512,Move,33432039,25
972,47,512,Move,33432047,25
972,46,512,Move,33432079,25
972,45,160,Move,33432087,25
972,45,160,Move,33432093,25
972,44,160,Move,33432103,25
973,43,160,Move,33432121,25
973,43,160,Move,33432121,25
973,42,160,Move,33432127,25
974,41,160,Move,33432143,25
974,40,160,Move,33432151,25
974,39,160,Move,33432159,25
974,39,160,Move,33432190,25
974,38,160,Move,33432191,25
974,37,160,Move,33432207,25
974,36,160,Move,33432223,25
974,36,161,Pressed,33432319,25
974,36,514,Released,33432407,25
973,36,512,Move,33432424,8
963,41,512,Move,33432463,8
958,43,512,Move,33432471,8
952,45,512,Move,33432481,8
943,50,160,Move,33432487,25
931,56,512,Move,33432496,8
919,60,512,Move,33432503,8
826,88,512,Move,33432535,8
800,93,512,Move,33432543,8
731,105,512,Move,33432563,8
695,111,512,Move,33432567,8
659,117,512,Move,33432576,8
636,120,512,Move,33432583,8
600,126,512,Move,33432591,8
567,132,512,Move,33432607,8
535,136,512,Move,33432609,8
505,136,512,Move,33432616,8
476,137,512,Move,33432623,8
451,141,512,Move,33432631,8
451,141,512,Move,33432637,8
425,144,512,Move,33432639,8
408,145,512,Move,33432647,8
392,147,512,Move,33432655,8
377,148,512,Move,33432663,8
363,150,512,Move,33432671,8
352,150,512,Move,33432680,8
340,150,512,Move,33432687,8
330,150,512,Move,33432695,8
322,150,512,Move,33432703,8
315,150,512,Move,33432711,8
308,150,512,Move,33432719,8
301,150,512,Move,33432727,8
298,150,512,Move,33432735,8
294,149,512,Move,33432743,8
291,148,512,Move,33432751,8
287,148,512,Move,33432759,8
284,147,512,Move,33432767,8
281,146,512,Move,33432775,8
278,145,512,Move,33432783,8
275,144,512,Move,33432791,8
272,143,512,Move,33432799,8
271,142,512,Move,33432807,8
268,141,512,Move,33432815,8
266,140,512,Move,33432823,8
266,139,512,Move,33432839,8
265,139,512,Move,33432847,8
265,138,512,Move,33432855,8
265,137,512,Move,33432871,8
265,136,512,Move,33432879,8
265,135,512,Move,33432895,8
265,134,512,Move,33432911,8
265,133,512,Move,33432927,8
265,132,512,Move,33432959,8
264,132,512,Move,33432967,8
263,132,512,Move,33432975,8
262,132,512,Move,33432983,8
259,132,512,Move,33432991,8
256,131,512,Move,33432999,8
250,131,512,Move,33433007,8
243,131,512,Move,33433015,8
233,131,512,Move,33433023,8
223,131,512,Move,33433031,8
213,131,512,Move,33433039,8
205,131,512,Move,33433047,8
196,131,512,Move,33433055,8
188,131,512,Move,33433063,8
181,131,512,Move,33433071,8
176,129,512,Move,33433079,8
170,129,512,Move,33433087,8
169,128,512,Move,33433095,8
166,127,512,Move,33433103,8
166,126,512,Move,33433111,8
166,125,512,Move,33433135,8
166,124,512,Move,33433183,8
167,124,512,Move,33433202,8
168,122,512,Move,33433207,8
169,121,512,Move,33433215,8
172,121,512,Move,33433223,8
174,119,512,Move,33433231,8
177,118,512,Move,33433239,8
178,117,512,Move,33433247,8
180,116,512,Move,33433255,8
181,116,512,Move,33433263,8
181,115,512,Move,33433287,8
182,115,512,Move,33433351,8
182,116,512,Move,33433399,8
182,117,512,Move,33433423,8
182,118,512,Move,33433431,8
182,120,512,Move,33433447,8
182,121,512,Move,33433455,8
182,122,512,Move,33433471,8
182,124,512,Move,33433479,8
182,125,512,Move,33433511,8
182,125,513,Pressed,33433591,8
182,125,514,Released,33433695,8
215,130,512,Move,33433906,8
214,130,512,Move,33434015,8
213,130,512,Move,33434039,8
212,130,512,Move,33434063,8
211,130,512,Move,33434135,8
210,130,512,Move,33434143,8
209,130,512,Move,33434159,8
207,130,512,Move,33434179,8
198,140,512,Move,33434401,8
220,162,512,Move,33434427,8
230,171,512,Move,33434432,8
242,184,512,Move,33434439,8
253,198,512,Move,33434447,8
266,209,512,Move,33434455,8
278,222,512,Move,33434463,8
290,236,512,Move,33434471,8
301,249,512,Move,33434479,8
314,262,512,Move,33434487,8
345,295,512,Move,33434515,8
369,322,512,Move,33434541,8
376,332,512,Move,33434544,8
384,339,512,Move,33434551,8
389,347,512,Move,33434559,8
393,353,512,Move,33434567,8
397,357,512,Move,33434575,8
400,360,512,Move,33434583,8
403,363,512,Move,33434591,8
405,366,512,Move,33434599,8
407,368,512,Move,33434607,8
409,370,512,Move,33434615,8
411,371,512,Move,33434623,8
412,372,512,Move,33434631,8
413,373,512,Move,33434639,8
414,374,512,Move,33434647,8
415,374,512,Move,33434655,8
416,374,512,Move,33434695,8
417,374,512,Move,33434711,8
418,374,512,Move,33434719,8
430,372,512,Move,33434752,8
434,371,512,Move,33434759,8
439,371,512,Move,33434767,8
444,371,512,Move,33434775,8
449,371,512,Move,33434783,8
453,371,512,Move,33434791,8
459,373,512,Move,33434799,8
464,374,512,Move,33434807,8
468,375,512,Move,33434815,8
474,377,512,Move,33434823,8
478,378,512,Move,33434831,8
480,380,512,Move,33434839,8
484,383,512,Move,33434847,8
487,386,512,Move,33434855,8
491,388,512,Move,33434863,8
494,391,512,Move,33434871,8
497,393,522,Unknown(522),33434879,8
497,393,512,Move,33434880,8
497,393,512,Move,33434885,8
499,394,512,Move,33434889,8
499,394,512,Move,33434894,8
501,395,512,Move,33434896,8
501,395,512,Move,33434901,8
502,397,512,Move,33434903,8
502,397,512,Move,33434910,8
503,400,512,Move,33434911,8
505,401,512,Move,33434919,8
505,401,512,Move,33434922,8
507,401,512,Move,33434927,8
507,401,512,Move,33434933,8
508,402,512,Move,33434935,8
508,403,512,Move,33434944,8
508,403,512,Move,33434958,8
508,403,512,Move,33434979,8
508,403,522,Unknown(522),33435031,8
508,403,512,Move,33435054,8
508,403,512,Move,33435067,8
508,403,512,Move,33435070,8
508,403,512,Move,33435080,8
508,404,512,Move,33435088,8
508,404,522,Unknown(522),33435103,8
508,404,512,Move,33435109,8
508,405,512,Move,33435119,8
508,405,512,Move,33435123,8
508,406,512,Move,33435127,8
508,407,512,Move,33435135,8
508,407,512,Move,33435140,8
508,407,512,Move,33435143,8
508,408,522,Unknown(522),33435143,8
508,408,512,Move,33435144,8
508,408,512,Move,33435149,8
508,409,512,Move,33435152,8
508,409,512,Move,33435165,8
508,411,512,Move,33435168,8
508,411,512,Move,33435174,8
508,412,512,Move,33435175,8
508,414,512,Move,33435184,8
508,415,512,Move,33435191,8
508,415,512,Move,33435194,8
508,416,512,Move,33435199,8
508,416,512,Move,33435202,8
508,418,512,Move,33435207,8
508,418,512,Move,33435212,8
508,424,512,Move,33435237,8
508,425,512,Move,33435240,8
508,425,512,Move,33435244,8
508,430,512,Move,33435269,8
508,432,512,Move,33435272,8
508,433,512,Move,33435279,8
508,434,512,Move,33435287,8
508,435,512,Move,33435295,8
508,436,512,Move,33435319,8
508,437,512,Move,33435327,8
508,438,512,Move,33435343,8
508,439,512,Move,33435367,8
507,439,512,Move,33435535,8
507,438,512,Move,33435543,8
505,436,512,Move,33435551,8
504,434,512,Move,33435559,8
502,433,512,Move,33435567,8
502,432,512,Move,33435575,8
501,430,512,Move,33435583,8
500,429,512,Move,33435591,8
499,427,512,Move,33435600,8
498,426,512,Move,33435607,8
498,425,512,Move,33435615,8
497,423,512,Move,33435623,8
496,421,512,Move,33435631,8
496,420,512,Move,33435647,8
495,419,512,Move,33435655,8
495,417,512,Move,33435671,8
495,412,512,Move,33435696,8
495,411,512,Move,33435703,8
496,409,512,Move,33435711,8
496,408,512,Move,33435719,8
496,407,512,Move,33435727,8
497,406,512,Move,33435735,8
497,405,512,Move,33435743,8
497,404,512,Move,33435751,8
497,403,512,Move,33435759,8
497,403,516,Pressed,33436071,8
497,403,517,Released,33436159,8
497,403,512,Move,33436181,8
497,403,512,Move,33436184,8
498,405,512,Move,33436487,8
500,413,512,Move,33436495,8
517,439,512,Move,33436524,8
533,460,512,Move,33436549,8
538,466,512,Move,33436552,8
543,473,512,Move,33436559,8
548,479,512,Move,33436567,8
551,485,512,Move,33436575,8
555,490,512,Move,33436583,8
558,494,512,Move,33436591,8
560,498,512,Move,33436599,8
561,502,512,Move,33436607,8
563,505,512,Move,33436615,8
564,507,512,Move,33436623,8
565,509,512,Move,33436631,8
565,512,512,Move,33436639,8
565,514,512,Move,33436655,8
565,515,512,Move,33436679,8
565,516,512,Move,33436687,8
565,517,512,Move,33436711,8
565,518,512,Move,33436719,8
565,519,512,Move,33436735,8
565,520,512,Move,33436743,8
565,521,512,Move,33436751,8
565,523,512,Move,33436759,8
565,525,512,Move,33436767,8
565,526,512,Move,33436775,8
565,528,512,Move,33436783,8
565,531,512,Move,33436791,8
565,532,512,Move,33436799,8
565,534,512,Move,33436807,8
565,536,512,Move,33436815,8
565,537,512,Move,33436823,8
565,538,512,Move,33436831,8
565,539,512,Move,33436839,8
565,540,512,Move,33436855,8
565,541,512,Move,33436863,8
565,542,512,Move,33436895,8
565,543,512,Move,33436903,8
565,544,512,Move,33436991,8
565,544,513,Pressed,33437151,8
565,544,514,Released,33437191,8
565,544,512,Move,33437202,8
565,544,512,Move,33437203,8
565,544,512,Move,33437204,8
565,544,512,Move,33437204,8
565,544,512,Move,33437205,8
565,544,512,Move,33437205,8
565,544,512,Move,33437206,8
565,544,512,Move,33437206,8
565,544,512,Move,33437207,8
565,544,512,Move,33437207,8
565,544,512,Move,33437208,8
565,544,512,Move,33437208,8
565,544,512,Move,33437211,8
565,544,512,Move,33437211,8
565,544,512,Move,33437213,8
565,544,512,Move,33437213,8
565,544,512,Move,33437214,8
565,544,512,Move,33437214,8
565,544,512,Move,33437214,8
565,544,512,Move,33437215,8
565,544,512,Move,33437215,8
565,544,512,Move,33437216,8
565,544,512,Move,33437216,8
565,544,512,Move,33437217,8
565,544,512,Move,33437217,8
565,544,512,Move,33437218,8
565,544,512,Move,33437218,8
565,544,512,Move,33437219,8
565,544,512,Move,33437219,8
565,544,512,Move,33437220,8
565,544,512,Move,33437220,8
565,544,512,Move,33437221,8
565,544,512,Move,33437221,8
565,544,512,Move,33437320,8
567,544,512,Move,33437320,8
577,532,512,Move,33437449,8
577,524,512,Move,33437481,8
577,522,160,Move,33437487,25
577,520,512,Move,33437495,25
577,517,512,Move,33437503,25
577,516,512,Move,33437511,25
577,514,512,Move,33437519,25
577,512,512,Move,33437527,25
577,511,512,Move,33437543,25
577,510,512,Move,33437551,25
576,510,512,Move,33437559,25
576,509,512,Move,33437567,25
575,509,512,Move,33437575,25
575,508,512,Move,33437583,25
575,507,512,Move,33437615,25
574,507,512,Move,33437631,25
574,506,512,Move,33437647,25
574,505,512,Move,33437663,25
574,504,512,Move,33437671,25
574,503,512,Move,33437735,25
574,502,512,Move,33437743,25
574,502,513,Pressed,33437863,25
574,502,514,Released,33437943,25
574,502,512,Move,33438123,8
574,502,512,Move,33438233,25
574,502,512,Move,33438234,25
577,501,512,Move,33438455,25
582,499,512,Move,33438463,25
588,495,512,Move,33438471,25
597,493,512,Move,33438479,25
607,489,512,Move,33438487,25
618,483,512,Move,33438495,25
631,478,512,Move,33438503,25
645,472,512,Move,33438511,25
659,467,160,Move,33438519,25
673,460,512,Move,33438527,25
688,453,512,Move,33438535,25
706,444,512,Move,33438543,25
723,435,512,Move,33438551,25
737,427,512,Move,33438559,25
751,417,512,Move,33438567,25
763,407,512,Move,33438575,25
774,394,512,Move,33438583,25
787,382,512,Move,33438591,25
800,369,512,Move,33438599,25
812,356,512,Move,33438607,25
825,344,512,Move,33438615,25
838,331,512,Move,33438630,25
849,317,512,Move,33438631,25
859,303,512,Move,33438639,25
870,290,512,Move,33438647,25
877,279,512,Move,33438655,25
885,269,512,Move,33438663,25
892,259,512,Move,33438671,25
898,250,512,Move,33438679,25
903,241,512,Move,33438687,25
909,207,512,Move,33438907,25
909,207,512,Move,33438907,25
906,199,160,Move,33439039,25
909,197,160,Move,33439047,25
911,193,160,Move,33439055,25
915,188,160,Move,33439063,25
916,182,160,Move,33439071,25
918,177,512,Move,33439079,25
920,168,512,Move,33439087,25
923,159,512,Move,33439095,25
924,150,512,Move,33439103,25
928,143,512,Move,33439111,25
932,133,512,Move,33439119,25
937,123,512,Move,33439127,25
941,115,512,Move,33439135,25
943,107,512,Move,33439143,25
947,100,512,Move,33439151,25
950,94,512,Move,33439159,25
953,88,512,Move,33439174,25
953,88,512,Move,33439174,25
955,83,512,Move,33439175,25
955,83,512,Move,33439176,25
957,79,512,Move,33439183,25
959,75,512,Move,33439191,25
960,72,512,Move,33439199,25
962,68,512,Move,33439207,25
964,66,512,Move,33439215,25
966,63,512,Move,33439223,25
967,61,512,Move,33439231,25
970,59,512,Move,33439239,25
971,57,512,Move,33439247,25
972,55,512,Move,33439255,25
975,52,512,Move,33439280,25
975,52,512,Move,33439280,25
975,51,512,Move,33439287,25
976,50,512,Move,33439303,25
977,49,512,Move,33439311,25
978,47,512,Move,33439327,25
978,46,512,Move,33439335,25
978,45,160,Move,33439343,25
978,42,160,Move,33439370,25
978,42,160,Move,33439370,25
978,41,160,Move,33439375,25
978,40,160,Move,33439383,25
978,39,160,Move,33439431,25
977,39,160,Move,33439555,25
977,39,160,Move,33439556,25
977,39,161,Pressed,33439663,25
977,39,514,Released,33439775,25
977,39,512,Move,33439778,8
977,39,512,Move,33439818,8
977,39,512,Move,33439826,8
976,39,512,Move,33439975,8
974,39,512,Move,33439983,8
967,43,512,Move,33439991,8
958,46,512,Move,33439999,8
944,52,160,Move,33440007,25
929,59,512,Move,33440015,8
913,65,512,Move,33440023,8
905,68,512,Move,33440031,8
889,71,512,Move,33440039,8
872,75,512,Move,33440047,8
851,80,512,Move,33440055,8
821,88,512,Move,33440063,8
784,96,512,Move,33440071,8
748,102,512,Move,33440079,8
701,111,512,Move,33440087,8
665,117,512,Move,33440095,8
629,123,512,Move,33440103,8
629,123,512,Move,33440109,8
629,123,512,Move,33440110,8
594,127,512,Move,33440111,8
559,129,512,Move,33440119,8
528,129,512,Move,33440127,8
498,129,512,Move,33440135,8
470,129,512,Move,33440143,8
452,129,512,Move,33440151,8
429,129,512,Move,33440159,8
413,129,512,Move,33440167,8
398,129,512,Move,33440175,8
385,129,512,Move,33440183,8
373,129,512,Move,33440191,8
363,129,512,Move,33440199,8
356,129,512,Move,33440207,8
356,129,512,Move,33440212,8
351,129,512,Move,33440215,8
346,129,512,Move,33440223,8
343,129,512,Move,33440231,8
342,129,512,Move,33440239,8
339,129,512,Move,33440247,8
337,129,512,Move,33440255,8
336,129,512,Move,33440263,8
333,129,512,Move,33440271,8
330,129,512,Move,33440279,8
328,129,512,Move,33440287,8
325,129,512,Move,33440295,8
321,129,512,Move,33440303,8
318,129,512,Move,33440311,8
313,129,512,Move,33440319,8
307,129,512,Move,33440328,8
302,129,512,Move,33440335,8
295,129,512,Move,33440343,8
289,129,512,Move,33440351,8
282,129,512,Move,33440359,8
275,129,512,Move,33440367,8
270,129,512,Move,33440375,8
265,129,512,Move,33440383,8
260,129,512,Move,33440391,8
254,130,512,Move,33440399,8
250,131,512,Move,33440407,8
245,132,512,Move,33440415,8
241,133,512,Move,33440423,8
238,133,512,Move,33440431,8
233,134,512,Move,33440439,8
231,134,512,Move,33440447,8
228,134,512,Move,33440455,8
225,134,512,Move,33440463,8
223,134,512,Move,33440471,8
221,134,512,Move,33440479,8
219,134,512,Move,33440487,8
218,134,512,Move,33440495,8
216,134,512,Move,33440503,8
215,134,512,Move,33440511,8
214,134,512,Move,33440519,8
213,134,512,Move,33440527,8
212,134,512,Move,33440535,8
211,134,512,Move,33440583,8
210,133,512,Move,33440599,8
210,132,512,Move,33440639,8
209,131,512,Move,33440647,8
208,131,512,Move,33440671,8
206,129,512,Move,33440679,8
205,128,512,Move,33440687,8
205,127,512,Move,33440695,8
204,127,512,Move,33440703,8
204,126,512,Move,33440711,8
203,126,512,Move,33440719,8
203,126,513,Pressed,33440863,8
203,126,514,Released,33440927,8
219,126,512,Move,33441099,8
220,126,512,Move,33441135,8
221,126,512,Move,33441151,8
222,126,512,Move,33441167,8
221,126,512,Move,33441439,8
220,126,512,Move,33441455,8
220,127,512,Move,33441535,8
221,129,512,Move,33441543,8
225,133,512,Move,33441551,8
231,136,512,Move,33441559,8
240,144,512,Move,33441567,8
251,152,512,Move,33441575,8
268,164,512,Move,33441583,8
287,182,512,Move,33441591,8
308,200,512,Move,33441599,8
331,222,512,Move,33441607,8
357,246,512,Move,33441615,8
382,270,512,Move,33441623,8
405,292,512,Move,33441631,8
428,315,512,Move,33441639,8
476,361,512,Move,33441665,8
504,391,512,Move,33441695,8
509,399,512,Move,33441697,8
515,406,512,Move,33441703,8
519,411,512,Move,33441711,8
523,417,512,Move,33441719,8
526,422,512,Move,33441727,8
531,427,512,Move,33441735,8
533,433,512,Move,33441743,8
535,437,512,Move,33441751,8
537,442,512,Move,33441759,8
538,445,512,Move,33441767,8
540,449,512,Move,33441775,8
542,453,512,Move,33441783,8
544,455,512,Move,33441791,8
546,458,512,Move,33441799,8
547,461,512,Move,33441807,8
548,463,512,Move,33441815,8
548,465,512,Move,33441823,8
548,467,512,Move,33441831,8
548,469,512,Move,33441839,8
548,468,512,Move,33442031,8
548,467,512,Move,33442039,8
547,467,512,Move,33442047,8
546,467,512,Move,33442071,8
545,467,512,Move,33442079,8
544,467,512,Move,33442095,8
542,466,512,Move,33442103,8
541,466,512,Move,33442111,8
540,466,512,Move,33442119,8
538,468,512,Move,33442127,8
538,469,512,Move,33442135,8
537,469,512,Move,33442151,8
537,470,512,Move,33442199,8
537,470,522,Unknown(522),33442319,8
537,470,512,Move,33442343,8
537,470,512,Move,33442344,8
537,470,512,Move,33442347,8
537,470,512,Move,33442348,8
537,470,522,Unknown(522),33442352,8
537,470,512,Move,33442353,8
537,470,512,Move,33442368,8
537,470,512,Move,33442368,8
537,470,512,Move,33442371,8
537,471,512,Move,33442375,8
537,471,512,Move,33442379,8
536,471,512,Move,33442383,8
536,471,512,Move,33442387,8
536,472,522,Unknown(522),33442400,8
536,472,522,Unknown(522),33442400,8
536,472,512,Move,33442401,8
536,472,512,Move,33442413,8
535,472,512,Move,33442423,8
535,472,512,Move,33442427,8
535,473,512,Move,33442431,8
535,473,512,Move,33442437,8
534,474,512,Move,33442439,8
533,474,512,Move,33442455,8
533,474,512,Move,33442458,8
533,474,512,Move,33442459,8
533,474,512,Move,33442461,8
533,474,512,Move,33442482,8
533,474,512,Move,33442483,8
533,474,512,Move,33442485,8
533,474,512,Move,33442495,8
533,474,512,Move,33442495,8
533,474,512,Move,33442498,8
533,474,512,Move,33442508,8
533,474,512,Move,33442508,8
532,474,512,Move,33442567,8
531,474,512,Move,33442583,8
530,474,512,Move,33442591,8
529,474,512,Move,33442599,8
527,474,512,Move,33442607,8
525,474,512,Move,33442615,8
523,474,512,Move,33442623,8
521,474,512,Move,33442631,8
520,474,512,Move,33442639,8
519,474,512,Move,33442647,8
518,474,512,Move,33442655,8
517,474,512,Move,33442663,8
516,474,512,Move,33442679,8
515,474,512,Move,33442687,8
515,473,512,Move,33442695,8
513,473,512,Move,33442703,8
511,471,512,Move,33442711,8
510,471,512,Move,33442719,8
509,470,512,Move,33442727,8
507,469,512,Move,33442735,8
500,467,512,Move,33442760,8
499,466,512,Move,33442767,8
498,465,512,Move,33442775,8
497,465,512,Move,33442783,8
496,465,512,Move,33442831,8
496,466,512,Move,33442847,8
496,467,512,Move,33442855,8
496,468,512,Move,33442879,8
496,467,512,Move,33442959,8
496,466,512,Move,33442967,8
496,465,512,Move,33442975,8
496,464,512,Move,33443007,8
496,463,512,Move,33443067,8
496,462,512,Move,33443071,8
496,462,516,Pressed,33443151,8
496,462,517,Released,33443263,8
496,462,512,Move,33443285,8
496,462,512,Move,33443288,8
496,463,512,Move,33443527,8
497,468,512,Move,33443535,8
501,475,512,Move,33443543,8
510,497,512,Move,33443570,8
512,504,512,Move,33443575,8
516,511,512,Move,33443583,8
519,519,512,Move,33443591,8
523,524,512,Move,33443599,8
527,529,512,Move,33443607,8
531,533,512,Move,33443615,8
532,539,512,Move,33443623,8
534,542,512,Move,33443631,8
534,545,512,Move,33443639,8
535,548,512,Move,33443647,8
536,550,512,Move,33443655,8
537,552,512,Move,33443663,8
537,553,512,Move,33443671,8
537,554,512,Move,33443679,8
537,555,512,Move,33443687,8
537,556,512,Move,33443703,8
537,557,512,Move,33443783,8
537,558,512,Move,33443799,8
537,559,512,Move,33443807,8
537,560,512,Move,33443815,8
537,562,512,Move,33443823,8
537,564,512,Move,33443831,8
537,566,512,Move,33443839,8
537,569,512,Move,33443847,8
538,571,512,Move,33443855,8
539,574,512,Move,33443863,8
541,576,512,Move,33443871,8
541,579,512,Move,33443879,8
542,582,512,Move,33443887,8
542,583,512,Move,33443895,8
542,586,512,Move,33443903,8
542,589,512,Move,33443911,8
542,592,512,Move,33443919,8
542,593,512,Move,33443927,8
542,596,512,Move,33443935,8
542,598,512,Move,33443943,8
542,600,512,Move,33443959,8
542,601,512,Move,33443967,8
542,602,512,Move,33443975,8
542,604,512,Move,33443983,8
542,605,512,Move,33443999,8
542,606,512,Move,33444007,8
542,607,512,Move,33444023,8
542,608,512,Move,33444039,8
542,609,512,Move,33444071,8
542,609,513,Pressed,33444191,8
542,609,514,Released,33444231,8
542,609,512,Move,33444290,8
543,609,512,Move,33444327,8
544,609,512,Move,33444335,8
544,608,512,Move,33444343,8
546,608,512,Move,33444351,8
548,607,512,Move,33444359,8
548,606,512,Move,33444367,8
550,605,512,Move,33444375,8
551,605,512,Move,33444383,8
553,604,512,Move,33444391,8
555,603,512,Move,33444399,8
558,602,512,Move,33444407,8
560,600,512,Move,33444415,8
560,600,512,Move,33444420,8
563,598,512,Move,33444427,8
563,598,512,Move,33444429,8
563,598,512,Move,33444430,8
563,598,512,Move,33444430,8
567,595,512,Move,33444431,8
567,595,512,Move,33444432,8
567,595,512,Move,33444433,8
567,595,512,Move,33444433,8
567,595,512,Move,33444434,8
567,595,512,Move,33444434,8
567,595,512,Move,33444435,8
567,595,512,Move,33444435,8
567,595,512,Move,33444436,8
567,595,512,Move,33444436,8
567,595,512,Move,33444437,8
567,595,512,Move,33444437,8
567,595,512,Move,33444438,8
567,595,512,Move,33444438,8
567,595,512,Move,33444439,8
572,592,512,Move,33444439,8
572,592,512,Move,33444441,8
572,592,512,Move,33444442,8
572,592,512,Move,33444442,8
572,592,512,Move,33444443,8
572,592,512,Move,33444443,8
572,592,512,Move,33444444,8
572,592,512,Move,33444444,8
572,592,512,Move,33444445,8
572,592,512,Move,33444445,8
572,592,512,Move,33444446,8
572,592,512,Move,33444446,8
572,592,512,Move,33444447,8
579,587,512,Move,33444447,8
579,587,512,Move,33444449,8
579,587,512,Move,33444449,8
579,587,512,Move,33444450,8
579,587,512,Move,33444450,8
585,582,512,Move,33444455,8
593,576,512,Move,33444463,8
599,571,512,Move,33444471,8
606,566,512,Move,33444479,8
612,561,512,Move,33444487,8
617,556,512,Move,33444495,8
620,552,512,Move,33444504,8
624,549,512,Move,33444511,8
626,546,512,Move,33444519,8
628,543,512,Move,33444527,8
629,542,512,Move,33444535,8
629,542,512,Move,33444542,8
631,540,512,Move,33444543,8
631,540,512,Move,33444544,8
631,540,512,Move,33444545,8
631,540,512,Move,33444545,8
631,540,512,Move,33444546,8
631,540,512,Move,33444547,8
631,540,512,Move,33444548,8
631,540,512,Move,33444549,8
631,540,512,Move,33444550,8
631,538,512,Move,33444551,8
631,538,512,Move,33444554,8
631,538,512,Move,33444555,8
631,536,512,Move,33444559,8
631,535,512,Move,33444567,8
631,534,512,Move,33444575,8
631,533,512,Move,33444583,8
631,532,512,Move,33444591,8
631,531,512,Move,33444599,8
631,530,512,Move,33444607,8
631,529,512,Move,33444615,8
632,528,512,Move,33444623,8
633,528,512,Move,33444631,8
634,526,512,Move,33444639,8
635,525,512,Move,33444647,8
637,524,512,Move,33444655,8
639,524,512,Move,33444663,8
640,523,160,Move,33444671,25
641,523,160,Move,33444679,25
641,522,160,Move,33444687,25
642,522,160,Move,33444695,25
641,522,160,Move,33444847,25
640,522,160,Move,33444855,25
639,522,160,Move,33444863,25
638,522,160,Move,33444871,25
635,522,160,Move,33444879,25
633,522,160,Move,33444887,25
631,521,160,Move,33444895,25
628,521,160,Move,33444903,25
625,520,512,Move,33444911,25
623,520,512,Move,33444919,25
620,519,512,Move,33444927,25
617,519,512,Move,33444935,25
616,518,512,Move,33444943,25
615,518,512,Move,33444951,25
613,518,512,Move,33444959,25
613,517,512,Move,33444967,25
613,516,512,Move,33444999,25
612,516,512,Move,33445007,25
612,515,512,Move,33445015,25
611,515,512,Move,33445023,25
610,514,512,Move,33445031,25
610,513,512,Move,33445040,25
610,513,512,Move,33445040,25
609,512,512,Move,33445047,25
608,512,512,Move,33445055,25
608,510,512,Move,33445063,25
607,510,512,Move,33445071,25
607,510,513,Pressed,33445199,25
607,510,514,Released,33445271,25
607,510,512,Move,33445297,8
607,510,512,Move,33445402,25
607,510,512,Move,33445402,25
607,509,512,Move,33445471,25
608,509,512,Move,33445479,25
610,509,512,Move,33445487,25
614,508,512,Move,33445495,25
618,508,512,Move,33445503,25
622,506,512,Move,33445512,25
622,506,512,Move,33445512,25
683,479,512,Move,33445567,25
692,471,512,Move,33445575,25
703,463,512,Move,33445583,25
714,455,512,Move,33445591,25
725,446,512,Move,33445599,25
735,438,512,Move,33445607,25
746,430,512,Move,33445615,25
848,328,512,Move,33445684,25
848,328,512,Move,33445685,25
861,317,512,Move,33445687,25
872,305,512,Move,33445695,25
883,295,512,Move,33445703,25
903,273,512,Move,33445721,25
913,264,512,Move,33445727,25
920,256,512,Move,33445735,25
927,248,512,Move,33445743,25
932,241,512,Move,33445751,25
937,233,512,Move,33445759,25
942,227,512,Move,33445767,25
946,221,512,Move,33445775,25
950,215,512,Move,33445783,25
953,209,512,Move,33445791,25
956,204,512,Move,33445799,25
962,191,160,Move,33445816,25
962,191,160,Move,33445816,25
964,185,160,Move,33445823,25
966,178,512,Move,33445831,25
969,172,512,Move,33445841,25
969,172,512,Move,33445842,25
971,167,512,Move,33445849,25
971,167,512,Move,33445850,25
975,159,512,Move,33445855,25
977,155,512,Move,33445863,25
979,149,512,Move,33445871,25
981,144,512,Move,33445879,25
983,138,160,Move,33445887,25
985,134,160,Move,33445895,25
988,126,512,Move,33445918,8
989,122,512,Move,33445922,8
991,119,512,Move,33445927,8
992,117,512,Move,33445935,8
992,113,512,Move,33445943,8
992,111,512,Move,33445951,8
992,109,512,Move,33445959,8
992,106,512,Move,33445967,8
992,104,512,Move,33445975,8
991,100,512,Move,33446006,8
990,100,512,Move,33446007,8
989,98,512,Move,33446018,8
988,97,512,Move,33446027,8
987,96,512,Move,33446034,8
986,95,160,Move,33446039,25
985,94,160,Move,33446047,25
985,93,160,Move,33446055,25
984,92,160,Move,33446063,25
984,91,160,Move,33446071,25
983,91,160,Move,33446079,25
983,89,160,Move,33446087,25
982,88,512,Move,33446099,25
982,88,512,Move,33446099,25
981,88,512,Move,33446103,25
981,87,512,Move,33446111,25
980,85,512,Move,33446119,25
978,84,512,Move,33446127,25
977,84,512,Move,33446136,25
977,82,512,Move,33446143,25
975,81,512,Move,33446151,25
973,80,512,Move,33446159,25
972,79,512,Move,33446167,25
972,78,512,Move,33446175,25
971,78,512,Move,33446187,25
971,78,512,Move,33446188,25
970,77,512,Move,33446191,25
969,76,512,Move,33446199,25
969,75,512,Move,33446207,25
968,74,512,Move,33446215,25
968,72,512,Move,33446223,25
968,71,512,Move,33446231,25
968,70,512,Move,33446239,25
968,68,512,Move,33446247,25
968,67,512,Move,33446255,25
968,67,512,Move,33446256,25
968,65,512,Move,33446263,25
968,64,512,Move,33446271,25
968,62,512,Move,33446284,25
968,62,512,Move,33446285,25
968,60,512,Move,33446287,25
968,58,512,Move,33446303,25
968,57,512,Move,33446311,25
968,55,512,Move,33446319,25
968,54,512,Move,33446327,25
968,52,512,Move,33446343,25
968,51,512,Move,33446351,25
968,50,512,Move,33446367,25
968,49,512,Move,33446379,25
968,49,512,Move,33446379,25
968,48,512,Move,33446391,25
968,47,512,Move,33446407,25
968,46,512,Move,33446424,25
968,45,160,Move,33446431,25
968,44,160,Move,33446439,25
968,43,160,Move,33446455,25
968,42,160,Move,33446471,25
968,41,160,Move,33446479,25
968,40,160,Move,33446495,25
968,39,160,Move,33446511,25
968,38,160,Move,33446527,25
968,37,160,Move,33446535,25
968,36,160,Move,33446548,25
968,36,160,Move,33446549,25
968,35,160,Move,33446567,25
968,35,161,Pressed,33446631,25
968,35,514,Released,33446695,25
968,35,512,Move,33446711,8
967,36,512,Move,33446783,8
965,38,512,Move,33446791,8
963,39,512,Move,33446799,8
962,41,512,Move,33446807,8
960,44,512,Move,33446815,8
958,47,512,Move,33446823,8
955,49,512,Move,33446831,8
953,51,512,Move,33446839,8
950,53,512,Move,33446848,8
946,57,512,Move,33446855,8
941,63,512,Move,33446863,8
935,70,512,Move,33446871,8
931,73,512,Move,33446879,8
925,78,512,Move,33446887,8
919,82,512,Move,33446895,8
910,88,512,Move,33446903,8
901,94,512,Move,33446911,8
888,100,512,Move,33446919,8
876,105,512,Move,33446927,8
864,109,512,Move,33446935,8
847,115,512,Move,33446943,8
829,121,512,Move,33446951,8
819,125,512,Move,33446959,8
799,129,512,Move,33446967,8
777,132,512,Move,33446975,8
744,138,512,Move,33446983,8
718,143,512,Move,33446991,8
695,148,512,Move,33446999,8
669,152,512,Move,33447007,8
647,155,512,Move,33447015,8
626,155,512,Move,33447023,8
605,155,512,Move,33447031,8
585,155,512,Move,33447039,8
557,155,512,Move,33447047,8
537,155,512,Move,33447055,8
516,155,512,Move,33447063,8
498,155,512,Move,33447071,8
445,155,512,Move,33447096,8
405,155,512,Move,33447123,8
375,155,512,Move,33447149,8
346,155,512,Move,33447177,8
335,153,512,Move,33447203,8
332,153,512,Move,33447207,8
328,153,512,Move,33447215,8
324,153,512,Move,33447223,8
321,153,512,Move,33447231,8
317,152,512,Move,33447239,8
314,151,512,Move,33447247,8
304,150,512,Move,33447272,8
299,148,512,Move,33447279,8
296,148,512,Move,33447287,8
292,147,512,Move,33447295,8
289,146,512,Move,33447303,8
287,145,512,Move,33447311,8
286,145,512,Move,33447319,8
284,143,512,Move,33447327,8
283,142,512,Move,33447335,8
282,141,512,Move,33447343,8
280,141,512,Move,33447351,8
280,140,512,Move,33447359,8
278,139,512,Move,33447367,8
276,138,512,Move,33447375,8
276,137,512,Move,33447383,8
274,137,512,Move,33447391,8
273,137,512,Move,33447399,8
273,136,512,Move,33447407,8
273,135,512,Move,33447415,8
271,134,512,Move,33447423,8
270,134,512,Move,33447431,8
270,133,512,Move,33447439,8
268,131,512,Move,33447447,8
266,131,512,Move,33447455,8
265,130,512,Move,33447463,8
262,129,512,Move,33447471,8
260,128,512,Move,33447479,8
258,127,512,Move,33447487,8
257,127,512,Move,33447495,8
255,126,512,Move,33447503,8
254,125,512,Move,33447511,8
253,125,512,Move,33447519,8
251,125,512,Move,33447527,8
250,125,512,Move,33447535,8
249,125,512,Move,33447543,8
248,125,512,Move,33447551,8
247,125,512,Move,33447559,8
245,125,512,Move,33447567,8
244,125,512,Move,33447575,8
243,125,512,Move,33447591,8
242,125,512,Move,33447599,8
241,125,512,Move,33447671,8
240,125,512,Move,33447679,8
239,125,512,Move,33447687,8
239,125,513,Pressed,33447759,8
239,125,514,Released,33447839,8
248,129,512,Move,33448010,8
251,129,512,Move,33448015,8
252,129,512,Move,33448024,8
262,129,512,Move,33448056,8
263,129,512,Move,33448064,8
265,128,512,Move,33448071,8
267,128,512,Move,33448222,8
266,128,512,Move,33448311,8
265,128,512,Move,33448319,8
264,128,512,Move,33448327,8
263,128,512,Move,33448343,8
262,128,512,Move,33448351,8
261,128,512,Move,33448367,8
260,128,512,Move,33448375,8
259,128,512,Move,33448383,8
258,128,512,Move,33448439,8
257,128,512,Move,33448487,8
257,129,512,Move,33448511,8
257,130,512,Move,33448519,8
257,132,512,Move,33448527,8
258,135,512,Move,33448535,8
261,139,512,Move,33448543,8
265,145,512,Move,33448551,8
272,156,512,Move,33448559,8
278,166,512,Move,33448567,8
288,179,512,Move,33448576,8
298,191,512,Move,33448583,8
309,206,512,Move,33448591,8
319,220,512,Move,33448599,8
329,234,512,Move,33448607,8
341,248,512,Move,33448615,8
350,261,512,Move,33448623,8
361,273,512,Move,33448631,8
373,286,512,Move,33448639,8
381,297,512,Move,33448647,8
389,306,512,Move,33448655,8
395,312,512,Move,33448663,8
400,320,512,Move,33448671,8
405,327,512,Move,33448679,8
408,330,512,Move,33448687,8
413,338,512,Move,33448695,8
418,344,512,Move,33448703,8
419,346,512,Move,33448711,8
421,348,512,Move,33448719,8
422,350,512,Move,33448727,8
423,350,512,Move,33448735,8
423,350,522,Unknown(522),33449055,8
423,350,512,Move,33449069,8
423,350,512,Move,33449069,8
423,350,512,Move,33449073,8
423,350,512,Move,33449085,8
423,350,512,Move,33449109,8
423,350,512,Move,33449109,8
423,350,522,Unknown(522),33449112,8
423,350,512,Move,33449113,8
423,351,512,Move,33449135,8
423,351,512,Move,33449140,8
423,351,512,Move,33449140,8
423,351,512,Move,33449142,8
423,352,512,Move,33449143,8
423,352,512,Move,33449150,8
423,353,522,Unknown(522),33449151,8
423,353,512,Move,33449152,8
423,353,512,Move,33449155,8
423,353,512,Move,33449156,8
423,353,512,Move,33449159,8
423,355,512,Move,33449159,8
423,356,512,Move,33449167,8
423,356,512,Move,33449171,8
423,356,512,Move,33449171,8
423,356,512,Move,33449174,8
423,360,512,Move,33449175,8
423,364,512,Move,33449183,8
426,368,522,Unknown(522),33449191,8
426,368,512,Move,33449192,8
426,368,512,Move,33449195,8
426,371,512,Move,33449200,8
426,371,512,Move,33449205,8
428,375,512,Move,33449207,8
431,382,512,Move,33449215,8
431,382,512,Move,33449218,8
435,389,512,Move,33449223,8
435,389,512,Move,33449227,8
438,397,512,Move,33449231,8
438,397,512,Move,33449236,8
441,404,512,Move,33449239,8
443,411,512,Move,33449247,8
443,411,512,Move,33449250,8
445,418,512,Move,33449255,8
445,418,512,Move,33449259,8
449,427,512,Move,33449263,8
449,427,512,Move,33449267,8
452,436,512,Move,33449271,8
460,456,512,Move,33449298,8
465,466,512,Move,33449324,8
467,468,512,Move,33449328,8
468,469,512,Move,33449335,8
468,469,512,Move,33449338,8
468,469,512,Move,33449339,8
469,470,512,Move,33449343,8
471,470,512,Move,33449351,8
472,470,512,Move,33449359,8
473,470,512,Move,33449367,8
474,470,512,Move,33449375,8
475,470,512,Move,33449383,8
476,470,512,Move,33449391,8
478,470,512,Move,33449399,8
479,469,512,Move,33449407,8
481,468,512,Move,33449415,8
483,466,512,Move,33449423,8
487,465,512,Move,33449431,8
489,463,512,Move,33449439,8
493,461,512,Move,33449447,8
496,458,512,Move,33449455,8
499,456,512,Move,33449463,8
502,454,512,Move,33449471,8
506,450,512,Move,33449479,8
511,447,512,Move,33449487,8
514,445,512,Move,33449495,8
516,442,512,Move,33449503,8
519,440,512,Move,33449511,8
522,439,512,Move,33449519,8
524,437,512,Move,33449527,8
526,435,512,Move,33449535,8
526,433,512,Move,33449543,8
527,432,512,Move,33449551,8
527,430,512,Move,33449559,8
527,429,512,Move,33449567,8
527,428,512,Move,33449575,8
527,426,512,Move,33449583,8
527,425,512,Move,33449591,8
527,423,512,Move,33449607,8
527,422,512,Move,33449623,8
526,421,512,Move,33449631,8
526,420,512,Move,33449639,8
526,419,512,Move,33449655,8
526,418,512,Move,33449663,8
525,415,512,Move,33449689,8
525,414,512,Move,33449703,8
525,413,512,Move,33449711,8
525,412,512,Move,33449719,8
525,411,512,Move,33449727,8
525,410,512,Move,33449735,8
525,410,516,Pressed,33449887,8
525,410,517,Released,33449989,8
525,410,517,Released,33449990,8
525,410,512,Move,33450013,8
525,410,512,Move,33450015,8
525,411,512,Move,33450255,8
525,412,512,Move,33450263,8
526,415,512,Move,33450271,8
530,421,512,Move,33450279,8
543,442,512,Move,33450307,8
548,451,512,Move,33450311,8
555,457,512,Move,33450319,8
560,466,512,Move,33450327,8
565,472,512,Move,33450335,8
568,480,512,Move,33450343,8
572,485,512,Move,33450351,8
574,491,512,Move,33450359,8
575,495,512,Move,33450367,8
577,499,512,Move,33450375,8
578,502,512,Move,33450383,8
579,505,512,Move,33450391,8
580,506,512,Move,33450399,8
581,508,512,Move,33450407,8
582,510,512,Move,33450415,8
582,511,512,Move,33450423,8
582,513,512,Move,33450431,8
582,514,512,Move,33450439,8
582,515,512,Move,33450455,8
582,516,512,Move,33450463,8
582,517,512,Move,33450487,8
582,518,512,Move,33450495,8
582,519,512,Move,33450503,8
582,520,512,Move,33450535,8
582,521,512,Move,33450543,8
582,523,512,Move,33450551,8
582,525,512,Move,33450559,8
582,527,512,Move,33450567,8
582,529,512,Move,33450575,8
583,531,512,Move,33450583,8
584,533,512,Move,33450591,8
585,535,512,Move,33450599,8
586,537,512,Move,33450607,8
587,540,512,Move,33450615,8
588,541,512,Move,33450623,8
588,543,512,Move,33450631,8
589,545,512,Move,33450639,8
589,546,512,Move,33450647,8
589,548,512,Move,33450655,8
589,549,512,Move,33450663,8
589,550,512,Move,33450671,8
589,551,512,Move,33450687,8
589,553,512,Move,33450695,8
589,554,512,Move,33450719,8
589,554,513,Pressed,33450863,8
589,554,514,Released,33450943,8
589,554,512,Move,33450952,8
589,554,512,Move,33450954,8
589,554,512,Move,33450955,8
589,554,512,Move,33450955,8
589,554,512,Move,33450956,8
589,554,512,Move,33450956,8
589,554,512,Move,33450957,8
589,554,512,Move,33450957,8
589,554,512,Move,33450958,8
589,554,512,Move,33450958,8
589,554,512,Move,33450959,8
589,554,512,Move,33450959,8
589,554,512,Move,33450960,8
589,554,512,Move,33450961,8
589,554,512,Move,33450963,8
589,554,512,Move,33450963,8
589,554,512,Move,33450964,8
589,554,512,Move,33450964,8
589,554,512,Move,33450965,8
589,554,512,Move,33450965,8
589,554,512,Move,33450966,8
589,554,512,Move,33450966,8
589,554,512,Move,33450967,8
589,554,512,Move,33450967,8
589,554,512,Move,33450968,8
589,554,512,Move,33450968,8
589,554,512,Move,33450969,8
589,554,512,Move,33450969,8
589,554,512,Move,33450970,8
589,554,512,Move,33450971,8
589,554,512,Move,33450971,8
589,554,512,Move,33450972,8
589,554,512,Move,33450972,8
591,554,512,Move,33451037,8
592,554,512,Move,33451047,8
593,553,512,Move,33451055,8
594,553,512,Move,33451071,8
596,552,512,Move,33451079,8
596,551,512,Move,33451087,8
597,551,512,Move,33451095,8
597,550,512,Move,33451103,8
597,549,512,Move,33451119,8
598,548,512,Move,33451127,8
599,547,512,Move,33451135,8
600,546,512,Move,33451143,8
600,546,512,Move,33451151,8
603,544,512,Move,33451151,8
603,544,512,Move,33451153,8
603,544,512,Move,33451154,8
603,544,512,Move,33451155,8
603,544,512,Move,33451155,8
603,544,512,Move,33451156,8
603,544,512,Move,33451156,8
603,544,512,Move,33451156,8
603,544,512,Move,33451157,8
603,544,512,Move,33451158,8
603,544,512,Move,33451158,8
606,542,512,Move,33451159,8
606,542,512,Move,33451161,8
606,542,512,Move,33451161,8
606,542,512,Move,33451162,8
606,542,512,Move,33451162,8
606,542,512,Move,33451163,8
606,542,512,Move,33451163,8
606,542,512,Move,33451164,8
606,542,512,Move,33451164,8
606,542,512,Move,33451165,8
606,542,512,Move,33451165,8
606,542,512,Move,33451166,8
606,542,512,Move,33451166,8
609,539,512,Move,33451167,8
609,539,512,Move,33451169,8
609,539,512,Move,33451169,8
609,539,512,Move,33451170,8
609,539,512,Move,33451170,8
609,539,512,Move,33451171,8
609,539,512,Move,33451171,8
609,539,512,Move,33451172,8
609,539,512,Move,33451172,8
609,539,512,Move,33451173,8
609,539,512,Move,33451173,8
613,536,512,Move,33451175,8
618,533,512,Move,33451183,8
622,529,512,Move,33451191,8
626,526,512,Move,33451199,8
630,524,512,Move,33451207,8
634,520,512,Move,33451215,8
638,516,512,Move,33451223,8
641,512,512,Move,33451231,8
644,509,512,Move,33451239,8
646,506,512,Move,33451247,8
648,504,512,Move,33451255,8
650,501,512,Move,33451263,8
652,498,512,Move,33451271,8
652,498,512,Move,33451273,8
652,498,512,Move,33451273,8
652,498,512,Move,33451274,8
652,498,512,Move,33451274,8
652,498,512,Move,33451276,8
652,498,512,Move,33451276,8
652,498,512,Move,33451278,8
652,498,512,Move,33451278,8
653,495,512,Move,33451279,8
653,495,512,Move,33451280,8
653,495,512,Move,33451281,8
653,495,512,Move,33451282,8
655,493,512,Move,33451291,25
655,493,512,Move,33451292,25
657,491,512,Move,33451295,25
658,488,512,Move,33451308,25
658,488,512,Move,33451308,25
658,486,512,Move,33451317,25
658,486,512,Move,33451318,25
658,485,512,Move,33451322,25
658,485,512,Move,33451323,25
658,484,512,Move,33451327,25
658,483,512,Move,33451335,25
658,482,512,Move,33451343,25
658,481,512,Move,33451351,25
658,480,512,Move,33451359,25
658,479,512,Move,33451375,25
658,477,512,Move,33451383,25
658,476,512,Move,33451392,25
658,474,512,Move,33451399,25
658,471,512,Move,33451407,25
658,470,512,Move,33451415,25
658,466,512,Move,33451426,25
658,466,512,Move,33451426,25
658,463,512,Move,33451431,25
658,460,512,Move,33451439,25
658,457,512,Move,33451447,25
660,453,512,Move,33451455,25
660,449,512,Move,33451463,25
660,446,512,Move,33451471,25
660,445,512,Move,33451479,25
660,443,512,Move,33451487,25
660,442,512,Move,33451503,25
660,441,512,Move,33451511,25
659,440,512,Move,33451519,25
658,440,512,Move,33451527,25
657,440,512,Move,33451535,25
653,440,512,Move,33451543,25
650,440,512,Move,33451551,25
646,440,512,Move,33451559,25
644,442,512,Move,33451567,25
640,444,512,Move,33451576,25
640,444,512,Move,33451577,25
635,448,512,Move,33451583,25
631,451,512,Move,33451591,25
627,454,160,Move,33451599,25
620,460,512,Move,33451607,25
617,465,512,Move,33451615,25
613,469,512,Move,33451623,25
611,472,512,Move,33451631,25
608,476,512,Move,33451639,25
606,479,512,Move,33451647,25
604,481,512,Move,33451655,25
603,483,512,Move,33451663,25
602,485,512,Move,33451671,25
601,487,512,Move,33451679,25
601,488,512,Move,33451687,25
601,490,512,Move,33451695,25
601,492,512,Move,33451703,25
601,494,512,Move,33451719,25
601,496,512,Move,33451735,25
601,497,512,Move,33451743,25
601,498,512,Move,33451759,25
601,500,512,Move,33451767,25
601,502,512,Move,33451783,25
601,503,512,Move,33451791,25
601,504,512,Move,33451810,25
601,504,512,Move,33451810,25
600,506,512,Move,33451815,25
600,507,512,Move,33451831,25
600,508,512,Move,33451839,25
600,508,513,Pressed,33451935,25
600,508,514,Released,33452015,25
600,508,512,Move,33452042,8
600,507,512,Move,33452047,8
629,483,512,Move,33452149,25
629,483,512,Move,33452149,25
636,478,512,Move,33452151,25
636,478,512,Move,33452152,25
642,473,512,Move,33452159,25
642,473,512,Move,33452160,25
650,467,512,Move,33452167,25
659,460,160,Move,33452176,25
659,460,160,Move,33452177,25
667,454,160,Move,33452186,25
667,454,160,Move,33452187,25
678,444,512,Move,33452191,25
687,435,512,Move,33452199,25
700,422,512,Move,33452208,25
713,407,512,Move,33452215,25
728,396,512,Move,33452223,25
739,381,512,Move,33452231,25
752,368,512,Move,33452239,25
765,356,512,Move,33452247,25
777,343,512,Move,33452255,25
789,330,512,Move,33452263,25
797,318,512,Move,33452271,25
807,305,512,Move,33452279,25
816,294,512,Move,33452288,25
824,284,512,Move,33452295,25
832,271,512,Move,33452303,25
841,260,512,Move,33452311,25
849,250,512,Move,33452319,25
855,239,512,Move,33452327,25
862,230,512,Move,33452335,25
869,220,512,Move,33452343,25
875,211,512,Move,33452351,25
880,204,512,Move,33452359,25
885,198,160,Move,33452371,25
885,198,160,Move,33452371,25
889,190,160,Move,33452376,25
889,190,160,Move,33452377,25
892,185,160,Move,33452383,25
895,180,160,Move,33452391,25
898,175,512,Move,33452399,25
901,170,512,Move,33452407,25
904,167,512,Move,33452415,25
906,163,512,Move,33452423,25
909,160,512,Move,33452431,25
911,157,512,Move,33452439,25
913,155,512,Move,33452447,25
914,152,512,Move,33452455,25
914,152,512,Move,33452456,25
916,150,512,Move,33452463,25
918,147,512,Move,33452471,25
920,146,512,Move,33452479,25
922,143,512,Move,33452487,25
925,139,512,Move,33452495,25
928,136,512,Move,33452503,25
931,131,512,Move,33452511,25
933,127,512,Move,33452519,25
936,123,512,Move,33452528,25
936,123,512,Move,33452529,25
939,120,512,Move,33452535,25
942,116,512,Move,33452543,25
944,112,512,Move,33452551,25
947,109,512,Move,33452559,25
949,104,512,Move,33452567,25
950,101,512,Move,33452575,25
953,98,512,Move,33452583,25
954,94,512,Move,33452591,25
956,90,512,Move,33452599,25
958,87,512,Move,33452607,25
959,83,512,Move,33452615,25
961,79,512,Move,33452623,25
963,75,512,Move,33452631,25
965,72,512,Move,33452639,25
966,69,512,Move,33452649,25
966,69,512,Move,33452649,25
967,67,512,Move,33452655,25
968,64,512,Move,33452663,25
970,62,512,Move,33452671,25
971,59,512,Move,33452679,25
972,58,512,Move,33452687,25
973,55,512,Move,33452695,25
974,53,512,Move,33452703,25
975,50,512,Move,33452711,25
976,49,512,Move,33452719,25
977,47,512,Move,33452727,25
978,45,160,Move,33452737,25
978,44,160,Move,33452743,25
978,43,160,Move,33452751,25
978,41,160,Move,33452759,25
978,40,160,Move,33452777,25
978,40,160,Move,33452778,25
978,39,160,Move,33452783,25
978,38,160,Move,33452791,25
978,36,160,Move,33452807,25
978,35,160,Move,33452823,25
978,34,160,Move,33452831,25
978,33,160,Move,33452847,25
977,33,160,Move,33452855,25
977,32,160,Move,33452871,25
976,32,160,Move,33452879,25
975,32,160,Move,33452895,25
975,32,160,Move,33452896,25
975,31,160,Move,33452903,25
975,31,160,Move,33452904,25
975,30,160,Move,33452924,25
975,30,160,Move,33452924,25
974,30,160,Move,33452930,25
974,30,160,Move,33452931,25
974,29,160,Move,33452935,25
974,28,160,Move,33452959,25
974,28,161,Pressed,33452991,25
974,28,514,Released,33453079,25
974,28,512,Move,33453089,8
971,31,512,Move,33453129,8
970,35,512,Move,33453140,8
966,46,512,Move,33453166,8
964,51,512,Move,33453167,8
961,56,512,Move,33453179,8
956,60,512,Move,33453183,8
954,63,512,Move,33453191,8
951,66,512,Move,33453199,8
947,69,512,Move,33453207,8
943,71,512,Move,33453215,8
935,75,512,Move,33453223,8
926,79,512,Move,33453231,8
917,84,512,Move,33453239,8
905,88,512,Move,33453247,8
892,94,512,Move,33453256,8
874,99,512,Move,33453263,8
850,106,512,Move,33453271,8
823,113,512,Move,33453279,8
789,123,512,Move,33453287,8
756,131,512,Move,33453295,8
729,139,512,Move,33453303,8
698,146,512,Move,33453311,8
673,150,512,Move,33453319,8
640,155,512,Move,33453327,8
612,157,512,Move,33453335,8
591,157,512,Move,33453343,8
570,157,512,Move,33453351,8
550,157,512,Move,33453359,8
529,157,512,Move,33453367,8
511,157,512,Move,33453375,8
494,157,512,Move,33453383,8
478,157,512,Move,33453391,8
464,155,512,Move,33453399,8
451,152,512,Move,33453407,8
439,151,512,Move,33453415,8
427,150,512,Move,33453423,8
417,149,512,Move,33453431,8
409,147,512,Move,33453439,8
401,146,512,Move,33453447,8
393,146,512,Move,33453455,8
386,146,512,Move,33453463,8
371,146,512,Move,33453490,8
366,146,512,Move,33453495,8
362,145,512,Move,33453503,8
357,145,512,Move,33453511,8
353,142,512,Move,33453519,8
349,142,512,Move,33453527,8
345,141,512,Move,33453535,8
340,139,512,Move,33453543,8
336,139,512,Move,33453551,8
333,138,512,Move,33453559,8
329,138,512,Move,33453567,8
325,137,512,Move,33453575,8
322,136,512,Move,33453583,8
318,136,512,Move,33453591,8
314,135,512,Move,33453599,8
310,135,512,Move,33453607,8
306,134,512,Move,33453615,8
303,133,512,Move,33453623,8
299,132,512,Move,33453631,8
295,131,512,Move,33453639,8
291,131,512,Move,33453647,8
288,130,512,Move,33453655,8
286,130,512,Move,33453663,8
285,129,512,Move,33453671,8
283,129,512,Move,33453679,8
282,128,512,Move,33453695,8
282,127,512,Move,33453703,8
281,127,512,Move,33453711,8
280,127,512,Move,33453719,8
279,126,512,Move,33453727,8
278,126,512,Move,33453735,8
277,126,512,Move,33453751,8
277,125,512,Move,33453863,8
277,125,513,Pressed,33453943,8
277,125,514,Released,33454023,8
317,123,512,Move,33454188,8
316,123,512,Move,33454439,8
315,123,512,Move,33454463,8
314,123,512,Move,33454479,8
312,123,512,Move,33454487,8
312,124,512,Move,33454495,8
311,126,512,Move,33454503,8
309,126,512,Move,33454511,8
309,128,512,Move,33454519,8
308,131,512,Move,33454527,8
308,132,512,Move,33454535,8
308,136,512,Move,33454543,8
308,140,512,Move,33454551,8
312,146,512,Move,33454559,8
315,152,512,Move,33454567,8
319,159,512,Move,33454575,8
323,169,512,Move,33454583,8
329,177,512,Move,33454591,8
335,188,512,Move,33454599,8
342,200,512,Move,33454607,8
350,212,512,Move,33454615,8
361,227,512,Move,33454623,8
371,241,512,Move,33454631,8
386,262,512,Move,33454639,8
435,332,512,Move,33454666,8
487,401,512,Move,33454693,8
500,422,512,Move,33454698,8
512,442,512,Move,33454703,8
520,454,512,Move,33454711,8
526,466,512,Move,33454719,8
531,477,512,Move,33454727,8
535,484,512,Move,33454735,8
540,492,512,Move,33454743,8
544,498,512,Move,33454751,8
548,502,512,Move,33454759,8
551,505,512,Move,33454767,8
555,508,512,Move,33454775,8
559,512,512,Move,33454783,8
563,514,512,Move,33454791,8
569,515,512,Move,33454799,8
574,517,512,Move,33454807,8
580,517,512,Move,33454815,8
585,519,512,Move,33454823,8
589,520,512,Move,33454831,8
589,519,512,Move,33455199,8
589,517,512,Move,33455207,8
589,515,512,Move,33455215,8
589,514,512,Move,33455223,8
587,512,512,Move,33455231,8
586,509,512,Move,33455239,8
585,509,512,Move,33455247,8
585,508,512,Move,33455255,8
585,507,512,Move,33455263,8
585,506,512,Move,33455271,8
585,504,512,Move,33455279,8
586,502,512,Move,33455287,8
586,501,512,Move,33455303,8
587,500,512,Move,33455311,8
587,498,512,Move,33455327,8
587,496,512,Move,33455335,8
588,495,512,Move,33455351,8
590,493,512,Move,33455359,8
590,492,512,Move,33455367,8
591,491,512,Move,33455375,8
592,489,512,Move,33455383,8
593,488,512,Move,33455391,8
593,487,512,Move,33455399,8
594,487,512,Move,33455407,8
594,486,512,Move,33455415,8
594,486,522,Unknown(522),33455535,8
594,486,512,Move,33455541,8
594,486,512,Move,33455553,8
594,486,522,Unknown(522),33455576,8
594,486,522,Unknown(522),33455577,8
594,486,512,Move,33455578,8
594,486,512,Move,33455581,8
594,486,512,Move,33455589,8
594,486,512,Move,33455590,8
594,486,512,Move,33455593,8
594,486,522,Unknown(522),33455599,8
594,486,512,Move,33455602,8
594,486,512,Move,33455625,8
594,486,512,Move,33455638,8
594,486,522,Unknown(522),33455639,8
594,486,512,Move,33455647,8
594,486,512,Move,33455670,8
594,486,512,Move,33455670,8
594,486,512,Move,33455673,8
594,486,512,Move,33455683,8
594,486,512,Move,33455684,8
594,486,512,Move,33455686,8
594,486,512,Move,33455696,8
594,486,512,Move,33455720,8
594,486,512,Move,33455720,8
594,486,512,Move,33455723,8
594,486,512,Move,33455732,8
594,486,512,Move,33455733,8
594,486,512,Move,33455735,8
593,485,512,Move,33455767,8
590,484,512,Move,33455775,8
585,482,512,Move,33455783,8
578,478,512,Move,33455791,8
572,476,512,Move,33455799,8
565,473,512,Move,33455807,8
556,469,512,Move,33455815,8
549,466,512,Move,33455823,8
540,464,512,Move,33455831,8
532,460,512,Move,33455839,8
525,458,512,Move,33455847,8
522,456,512,Move,33455855,8
517,454,512,Move,33455863,8
511,451,512,Move,33455871,8
507,449,512,Move,33455879,8
503,447,512,Move,33455887,8
499,444,512,Move,33455895,8
496,442,512,Move,33455903,8
492,440,512,Move,33455911,8
488,438,512,Move,33455919,8
484,437,512,Move,33455927,8
481,436,512,Move,33455935,8
478,435,512,Move,33455943,8
473,433,512,Move,33455951,8
471,433,512,Move,33455960,8
467,433,512,Move,33455967,8
465,433,512,Move,33455975,8
463,433,512,Move,33455983,8
461,433,512,Move,33455991,8
460,433,512,Move,33455999,8
459,433,512,Move,33456007,8
458,433,512,Move,33456023,8
457,433,512,Move,33456031,8
456,434,512,Move,33456047,8
455,434,512,Move,33456063,8
454,434,512,Move,33456071,8
452,434,512,Move,33456087,8
449,434,512,Move,33456095,8
431,431,512,Move,33456148,8
427,430,512,Move,33456151,8
424,428,512,Move,33456159,8
422,427,512,Move,33456167,8
420,426,512,Move,33456175,8
417,425,512,Move,33456183,8
414,424,512,Move,33456191,8
414,423,512,Move,33456199,8
412,423,512,Move,33456207,8
412,422,512,Move,33456215,8
411,421,512,Move,33456223,8
410,421,512,Move,33456231,8
410,420,512,Move,33456239,8
409,419,512,Move,33456247,8
409,418,512,Move,33456255,8
409,416,512,Move,33456280,8
409,415,512,Move,33456295,8
409,414,512,Move,33456303,8
409,413,512,Move,33456319,8
408,412,512,Move,33456359,8
408,412,516,Pressed,33456479,8
408,412,517,Released,33456543,8
408,412,512,Move,33456568,8
408,412,512,Move,33456571,8
408,413,512,Move,33456824,8
408,415,512,Move,33456831,8
408,418,512,Move,33456839,8
409,422,512,Move,33456847,8
417,438,512,Move,33456872,8
422,444,512,Move,33456879,8
426,449,512,Move,33456887,8
430,455,512,Move,33456895,8
435,461,512,Move,33456903,8
440,467,512,Move,33456911,8
442,473,512,Move,33456919,8
444,479,512,Move,33456927,8
447,483,512,Move,33456935,8
448,488,512,Move,33456943,8
449,491,512,Move,33456951,8
450,495,512,Move,33456959,8
452,498,512,Move,33456967,8
453,499,512,Move,33456975,8
453,503,512,Move,33456983,8
453,506,512,Move,33456991,8
453,507,512,Move,33456999,8
453,510,512,Move,33457007,8
454,513,512,Move,33457015,8
455,515,512,Move,33457023,8
455,518,512,Move,33457031,8
455,520,512,Move,33457039,8
456,523,512,Move,33457047,8
457,524,512,Move,33457055,8
457,527,512,Move,33457063,8
457,529,512,Move,33457071,8
458,530,512,Move,33457079,8
459,532,512,Move,33457087,8
460,533,512,Move,33457095,8
460,534,512,Move,33457103,8
460,536,512,Move,33457111,8
461,538,512,Move,33457119,8
461,539,512,Move,33457127,8
462,541,512,Move,33457135,8
462,543,512,Move,33457143,8
462,544,512,Move,33457151,8
463,546,512,Move,33457159,8
464,548,512,Move,33457167,8
465,548,512,Move,33457175,8
465,549,512,Move,33457183,8
465,550,512,Move,33457191,8
465,551,512,Move,33457199,8
465,552,512,Move,33457223,8
465,553,512,Move,33457231,8
465,554,512,Move,33457247,8
465,555,512,Move,33457255,8
465,555,513,Pressed,33457391,8
465,555,514,Released,33457463,8
465,555,512,Move,33457473,8
465,555,512,Move,33457475,8
465,555,512,Move,33457476,8
465,555,512,Move,33457476,8
465,555,512,Move,33457477,8
465,555,512,Move,33457477,8
465,555,512,Move,33457478,8
465,555,512,Move,33457478,8
465,555,512,Move,33457479,8
465,555,512,Move,33457479,8
465,555,512,Move,33457480,8
465,555,512,Move,33457480,8
465,555,512,Move,33457483,8
465,555,512,Move,33457483,8
465,555,512,Move,33457485,8
465,555,512,Move,33457485,8
465,555,512,Move,33457486,8
465,555,512,Move,33457486,8
465,555,512,Move,33457486,8
465,555,512,Move,33457487,8
465,555,512,Move,33457487,8
465,555,512,Move,33457488,8
465,555,512,Move,33457488,8
465,555,512,Move,33457489,8
465,555,512,Move,33457489,8
465,555,512,Move,33457490,8
465,555,512,Move,33457490,8
465,555,512,Move,33457491,8
465,555,512,Move,33457491,8
465,555,512,Move,33457492,8
465,555,512,Move,33457492,8
465,555,512,Move,33457493,8
465,555,512,Move,33457493,8
465,555,512,Move,33457494,8
465,555,512,Move,33457495,8
465,555,512,Move,33457496,8
465,555,512,Move,33457526,8
465,555,512,Move,33457528,8
465,555,512,Move,33457531,8
465,555,512,Move,33457532,8
529,519,512,Move,33457740,25
529,519,512,Move,33457740,25
530,518,512,Move,33457743,25
530,518,512,Move,33457744,25
531,516,512,Move,33457751,25
531,516,512,Move,33457752,25
531,515,512,Move,33457767,25
531,515,512,Move,33457767,25
531,513,512,Move,33457775,25
532,511,512,Move,33457783,25
532,510,512,Move,33457791,25
532,509,512,Move,33457799,25
532,507,512,Move,33457807,25
532,507,512,Move,33457808,25
533,507,512,Move,33457815,25
535,505,512,Move,33457823,25
535,504,512,Move,33457831,25
535,503,512,Move,33457839,25
536,502,512,Move,33457847,25
537,501,512,Move,33457855,25
539,499,512,Move,33457871,25
539,498,512,Move,33457879,25
539,497,512,Move,33457887,25
540,496,512,Move,33457895,25
541,495,512,Move,33457903,25
541,494,512,Move,33457911,25
541,493,512,Move,33457927,25
542,493,512,Move,33458007,25
543,493,512,Move,33458015,25
545,493,512,Move,33458023,25
548,494,512,Move,33458031,25
552,495,512,Move,33458039,25
556,496,512,Move,33458047,25
558,498,512,Move,33458055,25
562,498,512,Move,33458063,25
566,498,512,Move,33458071,25
569,498,512,Move,33458079,25
570,498,512,Move,33458087,25
572,498,512,Move,33458095,25
574,498,512,Move,33458103,25
575,498,512,Move,33458119,25
576,498,512,Move,33458127,25
577,498,512,Move,33458143,25
578,498,512,Move,33458151,25
579,498,512,Move,33458167,25
579,498,513,Pressed,33458239,25
579,498,514,Released,33458335,25
579,498,512,Move,33458391,8
626,481,512,Move,33458503,25
635,476,512,Move,33458503,25
646,469,512,Move,33458511,25
646,469,512,Move,33458512,25
655,463,160,Move,33458519,25
655,463,160,Move,33458520,25
666,456,160,Move,33458528,25
666,456,160,Move,33458528,25
677,448,512,Move,33458535,25
689,438,512,Move,33458543,25
700,427,512,Move,33458551,25
714,412,512,Move,33458559,25
726,400,512,Move,33458567,25
741,381,512,Move,33458575,25
758,362,512,Move,33458583,25
774,341,512,Move,33458591,25
785,321,512,Move,33458604,25
797,301,512,Move,33458607,25
808,288,512,Move,33458615,25
818,274,512,Move,33458623,25
825,262,512,Move,33458632,25
832,250,512,Move,33458639,25
835,241,512,Move,33458647,25
839,233,512,Move,33458655,25
843,228,512,Move,33458663,25
846,220,512,Move,33458681,25
846,220,512,Move,33458682,25
846,218,512,Move,33458687,25
846,216,512,Move,33458695,25
833,217,512,Move,33458757,25
833,217,512,Move,33458757,25
855,189,160,Move,33459001,25
855,189,160,Move,33459002,25
863,180,160,Move,33459007,25
871,170,512,Move,33459015,25
876,161,512,Move,33459023,25
885,150,512,Move,33459031,25
891,143,512,Move,33459039,25
897,134,512,Move,33459047,25
905,124,512,Move,33459057,25
905,124,512,Move,33459058,25
912,115,512,Move,33459063,25
919,106,512,Move,33459071,25
924,98,512,Move,33459079,25
928,92,512,Move,33459087,25
932,88,512,Move,33459095,25
933,84,512,Move,33459103,25
934,81,512,Move,33459111,25
934,81,512,Move,33459112,25
935,79,512,Move,33459119,25
936,77,512,Move,33459127,25
936,76,512,Move,33459135,25
936,75,512,Move,33459143,25
936,74,512,Move,33459151,25
936,73,512,Move,33459159,25
936,72,512,Move,33459169,25
936,72,512,Move,33459169,25
936,71,512,Move,33459183,25
936,70,512,Move,33459191,25
936,68,512,Move,33459207,25
936,67,512,Move,33459215,25
936,66,512,Move,33459231,25
936,64,512,Move,33459239,25
937,63,512,Move,33459255,25
938,62,512,Move,33459263,25
940,60,512,Move,33459271,25
941,60,512,Move,33459281,25
941,60,512,Move,33459282,25
943,59,512,Move,33459287,25
945,58,512,Move,33459295,25
948,57,512,Move,33459303,25
950,56,512,Move,33459311,25
951,56,512,Move,33459319,25
953,56,512,Move,33459327,25
955,56,512,Move,33459335,25
956,56,512,Move,33459346,25
956,56,512,Move,33459347,25
958,56,512,Move,33459351,25
959,56,512,Move,33459359,25
961,56,512,Move,33459367,25
963,56,512,Move,33459375,25
964,56,512,Move,33459383,25
966,55,512,Move,33459391,25
967,55,512,Move,33459399,25
967,54,512,Move,33459415,25
967,53,512,Move,33459424,25
967,52,512,Move,33459447,25
967,51,512,Move,33459465,25
967,51,512,Move,33459466,25
967,50,512,Move,33459479,25
967,49,512,Move,33459487,25
967,48,512,Move,33459503,25
967,47,512,Move,33459511,25
967,46,512,Move,33459527,25
967,45,160,Move,33459535,25
967,44,160,Move,33459543,25
968,44,160,Move,33459551,25
968,43,160,Move,33459559,25
969,42,160,Move,33459575,25
969,41,160,Move,33459587,25
969,41,160,Move,33459588,25
969,40,160,Move,33459591,25
970,40,160,Move,33459599,25
970,39,160,Move,33459615,25
971,38,160,Move,33459647,25
972,38,160,Move,33459679,25
972,37,160,Move,33459719,25
972,37,161,Pressed,33459735,25
972,37,514,Released,33459815,25
972,37,512,Move,33459833,8
971,37,512,Move,33459874,8
969,38,512,Move,33459880,8
966,40,512,Move,33459892,8
963,41,512,Move,33459896,8
957,43,512,Move,33459903,8
951,45,512,Move,33459911,8
944,48,160,Move,33459919,25
937,53,160,Move,33459930,25
937,53,160,Move,33459931,25
928,57,512,Move,33459935,8
917,62,512,Move,33459943,8
907,66,512,Move,33459957,8
891,73,512,Move,33459959,8
873,80,512,Move,33459967,8
853,92,512,Move,33459975,8
828,103,512,Move,33459983,8
800,114,512,Move,33459991,8
771,125,512,Move,33459999,8
740,135,512,Move,33460007,8
713,144,512,Move,33460015,8
679,154,512,Move,33460023,8
649,160,512,Move,33460031,8
616,166,512,Move,33460039,8
581,170,512,Move,33460047,8
541,176,512,Move,33460055,8
505,182,512,Move,33460063,8
473,186,512,Move,33460071,8
444,189,512,Move,33460079,8
423,191,512,Move,33460087,8
405,191,512,Move,33460095,8
386,191,512,Move,33460103,8
373,191,512,Move,33460111,8
360,191,512,Move,33460119,8
350,191,512,Move,33460127,8
341,191,512,Move,33460135,8
333,191,512,Move,33460143,8
326,191,512,Move,33460151,8
321,191,512,Move,33460159,8
317,191,512,Move,33460167,8
314,191,512,Move,33460175,8
310,190,512,Move,33460183,8
306,190,512,Move,33460191,8
303,189,512,Move,33460199,8
300,188,512,Move,33460207,8
298,186,512,Move,33460215,8
296,185,512,Move,33460223,8
294,185,512,Move,33460231,8
292,183,512,Move,33460239,8
290,181,512,Move,33460247,8
288,180,512,Move,33460255,8
287,177,512,Move,33460263,8
287,176,512,Move,33460271,8
286,174,512,Move,33460279,8
286,171,512,Move,33460287,8
286,170,512,Move,33460295,8
287,168,512,Move,33460303,8
288,165,512,Move,33460311,8
291,163,512,Move,33460319,8
293,159,512,Move,33460327,8
295,158,512,Move,33460335,8
297,155,512,Move,33460343,8
298,153,512,Move,33460351,8
300,150,512,Move,33460359,8
302,148,512,Move,33460367,8
304,147,512,Move,33460375,8
305,146,512,Move,33460383,8
305,144,512,Move,33460391,8
306,144,512,Move,33460399,8
307,143,512,Move,33460407,8
307,142,512,Move,33460415,8
307,141,512,Move,33460425,8
308,141,512,Move,33460431,8
309,140,512,Move,33460439,8
309,139,512,Move,33460447,8
309,138,512,Move,33460455,8
310,137,512,Move,33460463,8
311,136,512,Move,33460471,8
312,135,512,Move,33460487,8
313,134,512,Move,33460495,8
314,133,512,Move,33460503,8
314,132,512,Move,33460511,8
314,131,512,Move,33460519,8
314,130,512,Move,33460535,8
314,129,512,Move,33460551,8
314,128,512,Move,33460559,8
314,127,512,Move,33460575,8
314,126,512,Move,33460583,8
314,125,512,Move,33460599,8
314,124,512,Move,33460615,8
314,123,512,Move,33460631,8
314,122,512,Move,33460639,8
315,122,512,Move,33460646,8
315,121,512,Move,33460655,8
315,120,512,Move,33460663,8
315,120,513,Pressed,33460743,8
315,120,514,Released,33460839,8
339,155,512,Move,33461031,8
340,155,512,Move,33461045,8
341,155,512,Move,33461071,8
342,154,512,Move,33461079,8
343,153,512,Move,33461087,8
344,152,512,Move,33461095,8
347,150,512,Move,33461103,8
349,150,512,Move,33461111,8
350,148,512,Move,33461119,8
353,146,512,Move,33461127,8
355,144,512,Move,33461135,8
357,142,512,Move,33461143,8
359,142,512,Move,33461151,8
360,140,512,Move,33461159,8
361,139,512,Move,33461167,8
362,138,512,Move,33461175,8
362,137,512,Move,33461191,8
362,136,512,Move,33461199,8
362,137,512,Move,33461311,8
362,138,512,Move,33461319,8
362,140,512,Move,33461327,8
362,143,512,Move,33461335,8
361,147,512,Move,33461343,8
361,150,512,Move,33461351,8
361,155,512,Move,33461359,8
361,162,512,Move,33461367,8
362,169,512,Move,33461375,8
364,176,512,Move,33461383,8
368,184,512,Move,33461391,8
370,192,512,Move,33461399,8
374,200,512,Move,33461407,8
378,209,512,Move,33461415,8
383,218,512,Move,33461423,8
390,227,512,Move,33461431,8
395,234,512,Move,33461439,8
401,241,512,Move,33461447,8
406,248,512,Move,33461455,8
412,256,512,Move,33461463,8
424,272,512,Move,33461490,8
430,280,512,Move,33461516,8
431,282,512,Move,33461519,8
432,282,512,Move,33461527,8
432,283,512,Move,33461535,8
432,284,512,Move,33461567,8
432,285,512,Move,33461623,8
432,286,512,Move,33461639,8
432,287,512,Move,33461663,8
432,288,512,Move,33461671,8
432,288,522,Unknown(522),33461703,8
432,288,512,Move,33461717,8
432,288,512,Move,33461717,8
432,288,512,Move,33461721,8
432,288,512,Move,33461730,8
432,288,512,Move,33461742,8
432,289,512,Move,33461743,8
432,290,512,Move,33461771,8
432,291,512,Move,33461775,8
432,291,512,Move,33461778,8
432,291,512,Move,33461779,8
432,291,512,Move,33461781,8
432,291,512,Move,33461782,8
432,291,512,Move,33461784,8
432,291,512,Move,33461785,8
432,291,512,Move,33461787,8
432,291,512,Move,33461791,8
432,291,522,Unknown(522),33461807,8
432,294,512,Move,33461833,8
432,294,512,Move,33461838,8
432,294,512,Move,33461838,8
432,297,512,Move,33461839,8
432,299,512,Move,33461848,8
432,299,512,Move,33461848,8
432,299,512,Move,33461853,8
432,299,512,Move,33461854,8
433,300,512,Move,33461857,8
433,300,512,Move,33461857,8
433,300,512,Move,33461862,8
433,300,512,Move,33461863,8
434,301,522,Unknown(522),33461863,8
434,301,512,Move,33461864,8
434,301,512,Move,33461868,8
434,302,512,Move,33461871,8
434,302,512,Move,33461875,8
434,302,512,Move,33461875,8
434,302,512,Move,33461878,8
434,302,512,Move,33461883,8
435,305,512,Move,33461887,8
437,308,512,Move,33461895,8
437,308,512,Move,33461898,8
440,310,512,Move,33461903,8
440,310,512,Move,33461907,8
442,315,512,Move,33461911,8
442,315,512,Move,33461915,8
446,318,512,Move,33461919,8
451,324,512,Move,33461927,8
451,324,512,Move,33461931,8
455,328,512,Move,33461935,8
455,328,512,Move,33461941,8
461,333,512,Move,33461943,8
468,339,512,Move,33461956,8
475,346,512,Move,33461959,8
483,353,512,Move,33461967,8
492,361,512,Move,33461975,8
500,369,512,Move,33461983,8
510,379,512,Move,33461991,8
519,388,512,Move,33461999,8
528,399,512,Move,33462007,8
539,409,512,Move,33462015,8
550,420,512,Move,33462023,8
559,430,512,Move,33462031,8
568,440,512,Move,33462039,8
574,447,512,Move,33462047,8
581,455,512,Move,33462055,8
594,466,512,Move,33462081,8
597,468,512,Move,33462087,8
598,469,512,Move,33462095,8
596,469,512,Move,33462423,8
595,469,512,Move,33462431,8
592,469,512,Move,33462439,8
587,470,512,Move,33462447,8
572,469,512,Move,33462473,8
563,466,512,Move,33462500,8
560,465,512,Move,33462504,8
558,464,512,Move,33462511,8
556,463,512,Move,33462519,8
553,462,512,Move,33462527,8
552,461,512,Move,33462535,8
550,460,512,Move,33462543,8
548,460,512,Move,33462551,8
546,459,512,Move,33462559,8
546,458,512,Move,33462567,8
544,457,512,Move,33462575,8
543,457,512,Move,33462583,8
542,456,512,Move,33462591,8
541,456,512,Move,33462599,8
541,456,516,Pressed,33462751,8
541,456,517,Released,33462831,8
541,456,512,Move,33462853,8
541,456,512,Move,33462858,8
543,460,512,Move,33463103,8
558,481,512,Move,33463130,8
579,509,512,Move,33463154,8
584,520,512,Move,33463159,8
591,529,512,Move,33463167,8
596,538,512,Move,33463175,8
601,549,512,Move,33463183,8
605,558,512,Move,33463191,8
609,565,512,Move,33463200,8
611,572,512,Move,33463207,8
613,579,512,Move,33463215,8
615,583,512,Move,33463223,8
616,587,512,Move,33463231,8
616,590,512,Move,33463239,8
616,593,512,Move,33463247,8
616,595,512,Move,33463255,8
616,598,512,Move,33463263,8
616,599,512,Move,33463271,8
616,600,512,Move,33463279,8
616,601,512,Move,33463287,8
616,602,512,Move,33463295,8
616,603,512,Move,33463311,8
616,604,512,Move,33463319,8
616,605,512,Move,33463327,8
616,607,512,Move,33463351,8
616,608,512,Move,33463359,8
616,609,512,Move,33463375,8
616,610,512,Move,33463383,8
616,611,512,Move,33463391,8
616,613,512,Move,33463399,8
616,614,512,Move,33463415,8
616,615,512,Move,33463423,8
616,614,512,Move,33463535,8
616,613,512,Move,33463543,8
616,612,512,Move,33463551,8
616,611,512,Move,33463575,8
616,609,512,Move,33463583,8
615,609,512,Move,33463591,8
615,608,512,Move,33463599,8
615,607,512,Move,33463607,8
614,606,512,Move,33463655,8
614,606,513,Pressed,33463775,8
614,606,514,Released,33463855,8
615,599,512,Move,33464076,8
619,590,512,Move,33464097,8
620,587,512,Move,33464103,8
621,585,512,Move,33464111,8
622,583,512,Move,33464119,8
622,581,512,Move,33464127,8
622,579,512,Move,33464143,8
622,578,512,Move,33464151,8
622,577,512,Move,33464167,8
622,576,512,Move,33464175,8
622,575,512,Move,33464191,8
622,574,512,Move,33464199,8
622,573,512,Move,33464207,8
621,573,512,Move,33464215,8
621,571,512,Move,33464232,8
621,570,512,Move,33464239,8
621,569,512,Move,33464255,8
620,568,512,Move,33464263,8
620,567,512,Move,33464279,8
619,566,512,Move,33464287,8
618,565,512,Move,33464295,8
618,564,512,Move,33464303,8
617,563,512,Move,33464311,8
616,562,512,Move,33464319,8
615,560,512,Move,33464331,8
615,559,512,Move,33464335,8
613,558,512,Move,33464343,8
612,557,512,Move,33464351,8
612,554,512,Move,33464359,8
611,553,512,Move,33464367,8
610,551,512,Move,33464375,8
608,548,512,Move,33464383,8
606,545,512,Move,33464391,8
605,543,512,Move,33464399,8
603,541,512,Move,33464407,8
602,539,512,Move,33464415,8
601,537,512,Move,33464426,8
599,537,512,Move,33464431,8
598,535,512,Move,33464439,8
597,534,512,Move,33464447,8
597,533,512,Move,33464455,8
596,533,512,Move,33464463,8
595,533,512,Move,33464471,8
595,532,512,Move,33464479,8
594,531,512,Move,33464487,8
593,531,512,Move,33464495,8
592,530,512,Move,33464503,8
592,529,512,Move,33464516,8
592,528,512,Move,33464519,8
591,528,512,Move,33464527,8
590,527,512,Move,33464535,8
590,526,512,Move,33464543,8
589,526,512,Move,33464551,8
588,525,512,Move,33464559,8
587,524,512,Move,33464567,8
587,523,160,Move,33464575,25
586,523,160,Move,33464583,25
586,522,160,Move,33464591,25
586,521,160,Move,33464599,25
585,521,160,Move,33464614,25
585,521,160,Move,33464614,25
585,520,512,Move,33464615,25
585,519,512,Move,33464623,25
584,519,512,Move,33464631,25
584,518,512,Move,33464639,25
584,518,512,Move,33464640,25
584,517,512,Move,33464655,25
584,516,512,Move,33464663,25
583,516,512,Move,33464687,25
583,515,512,Move,33464702,25
583,515,512,Move,33464702,25
583,514,512,Move,33464703,25
582,513,512,Move,33464711,25
581,511,512,Move,33464727,25
581,510,512,Move,33464735,25
581,509,512,Move,33464759,25
581,508,512,Move,33464775,25
581,508,513,Pressed,33464847,25
581,508,514,Released,33464943,25
581,508,512,Move,33464972,8
581,508,512,Move,33465074,25
581,508,512,Move,33465075,25
581,507,512,Move,33465295,25
586,502,512,Move,33465303,25
594,496,512,Move,33465311,25
604,489,512,Move,33465319,25
614,482,512,Move,33465327,25
625,473,512,Move,33465335,25
640,464,512,Move,33465343,25
653,453,160,Move,33465351,25
669,443,512,Move,33465359,25
682,433,512,Move,33465367,25
701,420,512,Move,33465375,25
715,408,512,Move,33465383,25
729,399,512,Move,33465391,25
744,387,512,Move,33465399,25
759,375,512,Move,33465407,25
771,366,512,Move,33465415,25
784,356,512,Move,33465424,25
798,344,512,Move,33465433,25
812,334,512,Move,33465439,25
825,325,512,Move,33465447,25
837,317,512,Move,33465455,25
848,308,512,Move,33465463,25
857,300,512,Move,33465471,25
865,295,512,Move,33465479,25
869,291,512,Move,33465487,25
872,288,512,Move,33465495,25
874,287,512,Move,33465503,25
876,285,512,Move,33465743,25
877,284,512,Move,33465751,25
884,274,512,Move,33465759,25
893,262,512,Move,33465768,25
902,249,512,Move,33465775,25
913,240,512,Move,33465783,25
923,227,512,Move,33465791,25
931,216,512,Move,33465799,25
938,206,512,Move,33465807,25
946,195,160,Move,33465816,25
954,184,160,Move,33465823,25
962,173,512,Move,33465831,25
969,164,512,Move,33465839,25
974,156,512,Move,33465847,25
980,149,512,Move,33465859,25
980,149,512,Move,33465859,25
985,141,160,Move,33465863,25
989,134,512,Move,33465871,8
991,128,512,Move,33465879,8
992,124,512,Move,33465887,8
994,120,512,Move,33465895,8
996,116,512,Move,33465903,8
998,112,512,Move,33465911,8
999,109,512,Move,33465919,8
1000,106,512,Move,33465927,8
1001,104,512,Move,33465935,8
1002,102,512,Move,33465943,8
1002,99,512,Move,33465954,8
1002,98,512,Move,33465959,8
1002,95,512,Move,33465967,8
1002,93,512,Move,33465975,8
1002,92,512,Move,33465983,8
1002,91,512,Move,33465991,8
1002,89,512,Move,33465999,8
1002,88,512,Move,33466007,8
1002,87,512,Move,33466016,8
1002,86,512,Move,33466023,8
1002,85,512,Move,33466031,8
1002,83,512,Move,33466039,8
1002,82,512,Move,33466047,8
1002,80,512,Move,33466055,8
1002,79,512,Move,33466066,8
1002,76,512,Move,33466071,8
1002,73,512,Move,33466079,8
1002,71,512,Move,33466087,8
1001,68,512,Move,33466095,8
1000,65,512,Move,33466103,8
999,62,512,Move,33466111,8
998,61,512,Move,33466119,8
996,59,512,Move,33466128,8
993,55,512,Move,33466143,8
993,54,512,Move,33466151,8
991,53,512,Move,33466159,8
989,53,512,Move,33466167,8
988,52,512,Move,33466175,8
987,51,512,Move,33466189,8
984,50,160,Move,33466191,25
983,50,160,Move,33466199,25
982,49,512,Move,33466207,25
981,49,512,Move,33466215,25
981,48,512,Move,33466223,25
980,48,512,Move,33466231,25
980,48,512,Move,33466232,25
979,48,512,Move,33466239,25
979,47,512,Move,33466247,25
978,47,512,Move,33466255,25
977,46,512,Move,33466263,25
977,45,160,Move,33466271,25
976,44,160,Move,33466279,25
975,42,160,Move,33466295,25
974,41,160,Move,33466303,25
973,40,160,Move,33466311,25
973,39,160,Move,33466319,25
972,38,160,Move,33466329,25
972,38,160,Move,33466330,25
972,37,160,Move,33466335,25
972,36,160,Move,33466343,25
972,35,160,Move,33466351,25
971,35,160,Move,33466359,25
971,34,160,Move,33466367,25
971,33,160,Move,33466375,25
971,33,161,Pressed,33466471,25
971,33,514,Released,33466543,25
971,33,512,Move,33466557,8
969,35,512,Move,33466613,8
967,37,512,Move,33466619,8
966,39,512,Move,33466623,8
964,40,512,Move,33466631,8
962,42,512,Move,33466639,8
961,45,512,Move,33466647,8
955,48,512,Move,33466655,8
948,55,160,Move,33466663,25
938,61,512,Move,33466671,8
928,68,512,Move,33466679,8
914,75,512,Move,33466687,8
896,84,512,Move,33466695,8
870,95,512,Move,33466703,8
842,106,512,Move,33466711,8
814,117,512,Move,33466719,8
782,129,512,Move,33466727,8
751,141,512,Move,33466736,8
714,147,512,Move,33466743,8
672,154,512,Move,33466751,8
636,160,512,Move,33466760,8
603,165,512,Move,33466767,8
574,169,512,Move,33466775,8
544,174,512,Move,33466783,8
525,177,512,Move,33466791,8
510,177,512,Move,33466799,8
500,177,512,Move,33466807,8
493,173,512,Move,33466815,8
487,169,512,Move,33466823,8
488,169,512,Move,33467071,8
489,169,512,Move,33467079,8
488,169,512,Move,33467087,8
487,169,512,Move,33467095,8
483,168,512,Move,33467103,8
477,167,512,Move,33467111,8
470,165,512,Move,33467119,8
463,164,512,Move,33467127,8
455,163,512,Move,33467135,8
446,162,512,Move,33467143,8
436,159,512,Move,33467151,8
410,154,512,Move,33467176,8
402,152,512,Move,33467183,8
397,151,512,Move,33467191,8
393,149,512,Move,33467199,8
382,144,512,Move,33467224,8
380,143,512,Move,33467231,8
379,142,512,Move,33467239,8
378,141,512,Move,33467247,8
377,141,512,Move,33467255,8
377,140,512,Move,33467263,8
376,140,512,Move,33467271,8
376,139,512,Move,33467279,8
376,138,512,Move,33467303,8
376,137,512,Move,33467319,8
376,136,512,Move,33467367,8
377,136,512,Move,33467383,8
377,135,512,Move,33467391,8
377,134,512,Move,33467407,8
377,133,512,Move,33467415,8
378,133,512,Move,33467423,8
378,132,512,Move,33467431,8
379,131,512,Move,33467447,8
380,130,512,Move,33467455,8
381,129,512,Move,33467471,8
382,128,512,Move,33467479,8
382,127,512,Move,33467495,8
382,126,512,Move,33467511,8
383,126,512,Move,33467527,8
383,125,512,Move,33467535,8
383,125,513,Pressed,33467615,8
383,125,514,Released,33467703,8
426,134,512,Move,33467851,8
429,134,512,Move,33467864,8
429,133,512,Move,33467874,8
429,132,512,Move,33467887,8
429,131,512,Move,33467911,8
429,130,512,Move,33467927,8
429,129,512,Move,33467943,8
429,128,512,Move,33467983,8
429,127,512,Move,33468007,8
428,127,512,Move,33468015,8
427,127,512,Move,33468031,8
426,126,512,Move,33468039,8
425,126,512,Move,33468055,8
424,125,512,Move,33468063,8
422,125,512,Move,33468079,8
420,125,512,Move,33468087,8
418,125,512,Move,33468095,8
416,125,512,Move,33468103,8
415,125,512,Move,33468111,8
413,125,512,Move,33468119,8
412,125,512,Move,33468127,8
412,124,512,Move,33468135,8
411,124,512,Move,33468143,8
410,124,512,Move,33468167,8
409,124,512,Move,33468183,8
408,124,512,Move,33468207,8
407,124,512,Move,33468215,8
407,125,512,Move,33468223,8
406,125,512,Move,33468231,8
406,127,512,Move,33468247,8
406,129,512,Move,33468255,8
406,133,512,Move,33468263,8
407,138,512,Move,33468271,8
409,144,512,Move,33468279,8
411,151,512,Move,33468287,8
415,159,512,Move,33468295,8
419,167,512,Move,33468303,8
424,178,512,Move,33468311,8
429,189,512,Move,33468319,8
435,204,512,Move,33468327,8
442,220,512,Move,33468335,8
451,238,512,Move,33468343,8
459,256,512,Move,33468351,8
468,272,512,Move,33468359,8
534,358,512,Move,33468485,8
534,358,522,Unknown(522),33469519,8
534,358,512,Move,33469532,8
534,358,512,Move,33469541,8
534,358,512,Move,33469554,8
534,358,512,Move,33469578,8
534,358,512,Move,33469578,8
534,358,512,Move,33469581,8
534,358,512,Move,33469581,8
534,358,512,Move,33469584,8
534,358,512,Move,33469589,8
534,358,522,Unknown(522),33469599,8
534,358,512,Move,33469603,8
534,358,512,Move,33469625,8
534,358,512,Move,33469625,8
534,358,512,Move,33469628,8
534,358,512,Move,33469629,8
534,358,512,Move,33469631,8
534,358,512,Move,33469637,8
534,358,522,Unknown(522),33469639,8
534,358,512,Move,33469653,8
534,358,522,Unknown(522),33469663,8
534,358,512,Move,33469666,8
534,358,512,Move,33469666,8
534,358,512,Move,33469669,8
534,358,512,Move,33469678,8
534,358,512,Move,33469702,8
534,358,512,Move,33469703,8
534,358,512,Move,33469705,8
534,358,512,Move,33469715,8
534,358,522,Unknown(522),33469719,8
534,358,512,Move,33469728,8
534,358,512,Move,33469740,8
534,358,512,Move,33469762,8
534,358,512,Move,33469762,8
534,358,512,Move,33469765,8
534,358,512,Move,33469766,8
534,358,512,Move,33469820,8
534,358,512,Move,33469820,8
534,358,512,Move,33469823,8
534,358,512,Move,33469823,8
534,358,512,Move,33469826,8
534,358,512,Move,33469839,8
534,358,512,Move,33469840,8
534,358,512,Move,33469842,8
534,358,512,Move,33469843,8
534,358,512,Move,33469846,8
534,358,512,Move,33469846,8
531,358,512,Move,33469863,8
531,366,512,Move,33469889,8
531,369,512,Move,33469895,8
531,378,512,Move,33469921,8
531,381,512,Move,33469927,8
531,384,512,Move,33469935,8
531,386,512,Move,33469943,8
531,388,512,Move,33469951,8
531,390,512,Move,33469959,8
531,391,512,Move,33469967,8
531,392,512,Move,33469975,8
531,393,512,Move,33469983,8
531,394,512,Move,33469991,8
531,395,512,Move,33469999,8
531,396,512,Move,33470007,8
530,397,512,Move,33470055,8
529,398,512,Move,33470063,8
528,398,512,Move,33470079,8
527,398,512,Move,33470111,8
526,398,512,Move,33470135,8
525,397,512,Move,33470159,8
525,396,512,Move,33470167,8
524,395,512,Move,33470175,8
523,392,512,Move,33470183,8
522,389,512,Move,33470191,8
522,385,512,Move,33470199,8
520,380,512,Move,33470207,8
520,375,512,Move,33470215,8
519,371,512,Move,33470223,8
519,367,512,Move,33470231,8
520,360,512,Move,33470256,8
521,359,512,Move,33470263,8
522,356,512,Move,33470271,8
523,354,512,Move,33470279,8
523,352,512,Move,33470287,8
523,351,512,Move,33470303,8
523,350,512,Move,33470319,8
523,350,516,Pressed,33470551,8
523,350,517,Released,33470623,8
523,350,512,Move,33470651,8
523,350,512,Move,33470654,8
523,351,512,Move,33470767,8
522,358,512,Move,33470791,8
521,359,512,Move,33470799,8
521,361,512,Move,33470807,8
521,362,512,Move,33470815,8
520,363,512,Move,33470823,8
519,363,512,Move,33470839,8
519,362,512,Move,33470919,8
519,361,512,Move,33470927,8
519,360,512,Move,33470935,8
518,360,512,Move,33470943,8
518,359,512,Move,33470951,8
518,357,512,Move,33470959,8
517,357,512,Move,33470967,8
516,356,512,Move,33470975,8
515,355,512,Move,33470983,8
515,354,512,Move,33470991,8
514,354,512,Move,33470999,8
513,353,512,Move,33471008,8
513,352,512,Move,33471015,8
512,352,512,Move,33471023,8
512,351,512,Move,33471031,8
512,351,516,Pressed,33471135,8
512,351,512,Move,33471146,8
512,351,517,Released,33471247,8
512,351,512,Move,33471268,8
512,351,512,Move,33471271,8
512,354,512,Move,33471487,8
512,357,512,Move,33471495,8
513,364,512,Move,33471503,8
515,371,512,Move,33471511,8
527,399,512,Move,33471536,8
530,410,512,Move,33471543,8
534,420,512,Move,33471551,8
540,431,512,Move,33471559,8
545,442,512,Move,33471567,8
549,452,512,Move,33471575,8
553,460,512,Move,33471583,8
555,467,512,Move,33471591,8
557,471,512,Move,33471599,8
558,474,512,Move,33471607,8
559,476,512,Move,33471615,8
559,478,512,Move,33471623,8
559,479,512,Move,33471631,8
559,480,512,Move,33471639,8
559,481,512,Move,33471647,8
559,482,512,Move,33471655,8
559,483,512,Move,33471663,8
559,484,512,Move,33471671,8
559,485,512,Move,33471679,8
559,486,512,Move,33471711,8
559,487,512,Move,33471727,8
559,488,512,Move,33471767,8
559,489,512,Move,33471783,8
559,490,512,Move,33471823,8
559,491,512,Move,33471871,8
559,492,512,Move,33471903,8
559,493,512,Move,33471927,8
559,493,513,Pressed,33472055,8
559,493,514,Released,33472087,8
559,493,512,Move,33472097,8
559,493,512,Move,33472099,8
559,493,512,Move,33472099,8
559,493,512,Move,33472100,8
559,493,512,Move,33472100,8
559,493,512,Move,33472101,8
559,493,512,Move,33472101,8
559,493,512,Move,33472102,8
559,493,512,Move,33472102,8
559,493,512,Move,33472103,8
559,493,512,Move,33472103,8
559,493,512,Move,33472104,8
559,493,512,Move,33472105,8
559,493,512,Move,33472106,8
559,493,512,Move,33472107,8
559,493,512,Move,33472108,8
559,493,512,Move,33472108,8
559,493,512,Move,33472109,8
559,493,512,Move,33472109,8
559,493,512,Move,33472110,8
559,493,512,Move,33472110,8
559,493,512,Move,33472111,8
559,493,512,Move,33472111,8
559,493,512,Move,33472112,8
559,493,512,Move,33472112,8
559,493,512,Move,33472113,8
559,493,512,Move,33472114,8
559,493,512,Move,33472115,8
559,493,512,Move,33472115,8
559,493,512,Move,33472116,8
559,493,512,Move,33472116,8
559,493,512,Move,33472117,8
559,493,512,Move,33472117,8
559,493,512,Move,33472118,8
559,493,512,Move,33472119,8
559,493,512,Move,33472120,8
559,493,512,Move,33472149,8
559,493,512,Move,33472152,8
559,493,512,Move,33472154,8
559,493,512,Move,33472154,8
560,493,512,Move,33472167,8
622,480,512,Move,33472324,8
622,480,512,Move,33472354,8
622,480,512,Move,33472355,8
622,480,512,Move,33472355,8
622,480,512,Move,33472356,8
622,480,512,Move,33472356,8
622,480,512,Move,33472358,8
622,480,512,Move,33472358,8
622,480,512,Move,33472360,8
622,480,512,Move,33472360,8
622,480,512,Move,33472361,8
622,480,512,Move,33472362,8
622,480,512,Move,33472363,8
622,480,512,Move,33472371,25
622,480,512,Move,33472372,25
623,480,512,Move,33472387,25
623,480,512,Move,33472388,25
624,481,512,Move,33472407,25
625,482,512,Move,33472416,25
626,482,512,Move,33472431,25
628,483,512,Move,33472439,25
628,484,512,Move,33472447,25
628,485,512,Move,33472463,25
628,486,512,Move,33472471,25
628,487,512,Move,33472479,25
628,488,512,Move,33472495,25
628,489,512,Move,33472503,25
628,490,512,Move,33472519,25
628,491,512,Move,33472543,25
627,491,512,Move,33472567,25
626,491,512,Move,33472583,25
625,491,512,Move,33472599,25
624,491,512,Move,33472607,25
623,492,512,Move,33472615,25
622,492,512,Move,33472631,25
621,492,512,Move,33472639,25
620,492,512,Move,33472663,25
619,492,512,Move,33472671,25
618,492,512,Move,33472679,25
617,492,512,Move,33472687,25
614,492,512,Move,33472695,25
612,492,512,Move,33472703,25
608,492,512,Move,33472711,25
604,492,512,Move,33472719,25
600,492,512,Move,33472727,25
598,492,512,Move,33472735,25
597,492,512,Move,33472743,25
597,492,513,Pressed,33472831,25
597,492,514,Released,33472903,25
597,492,512,Move,33472930,8
597,492,512,Move,33473036,25
597,492,512,Move,33473037,25
598,492,512,Move,33473039,25
599,492,512,Move,33473048,25
599,492,512,Move,33473049,25
602,492,512,Move,33473056,25
602,492,512,Move,33473056,25
605,492,512,Move,33473064,25
605,492,512,Move,33473064,25
606,492,512,Move,33473073,25
606,492,512,Move,33473074,25
610,492,512,Move,33473079,25
613,492,512,Move,33473087,25
615,492,512,Move,33473095,25
618,491,512,Move,33473104,25
618,491,512,Move,33473104,25
622,490,512,Move,33473111,25
626,488,512,Move,33473120,25
630,486,512,Move,33473127,25
636,482,512,Move,33473136,25
636,482,512,Move,33473137,25
680,452,512,Move,33473175,25
693,441,512,Move,33473183,25
705,428,512,Move,33473191,25
718,415,512,Move,33473199,25
731,403,512,Move,33473207,25
743,390,512,Move,33473215,25
756,378,512,Move,33473223,25
771,364,512,Move,33473231,25
783,352,512,Move,33473239,25
797,337,512,Move,33473247,25
857,263,512,Move,33473302,25
865,252,512,Move,33473304,25
873,241,512,Move,33473311,25
879,232,512,Move,33473319,25
886,223,512,Move,33473327,25
891,217,512,Move,33473335,25
896,211,512,Move,33473343,25
899,204,512,Move,33473351,25
904,198,160,Move,33473359,25
909,192,160,Move,33473367,25
912,186,160,Move,33473375,25
916,180,160,Move,33473383,25
919,174,512,Move,33473391,25
923,170,512,Move,33473399,25
924,164,512,Move,33473409,25
924,164,512,Move,33473410,25
926,160,512,Move,33473415,25
928,156,512,Move,33473424,25
929,152,512,Move,33473431,25
931,149,512,Move,33473439,25
932,146,512,Move,33473447,25
934,143,512,Move,33473455,25
934,140,512,Move,33473463,25
935,136,512,Move,33473471,25
937,133,512,Move,33473479,25
938,130,512,Move,33473487,25
939,127,512,Move,33473495,25
941,124,512,Move,33473503,25
943,121,512,Move,33473511,25
945,118,512,Move,33473519,25
947,117,512,Move,33473527,25
948,114,512,Move,33473535,25
949,111,512,Move,33473543,25
951,108,512,Move,33473551,25
952,107,512,Move,33473559,25
953,104,512,Move,33473567,25
954,102,512,Move,33473575,25
955,99,512,Move,33473583,25
956,97,512,Move,33473591,25
956,95,512,Move,33473599,25
956,95,512,Move,33473600,25
957,92,512,Move,33473607,25
958,90,512,Move,33473615,25
959,88,512,Move,33473623,25
960,85,512,Move,33473631,25
961,83,512,Move,33473639,25
962,82,512,Move,33473647,25
962,80,512,Move,33473655,25
962,77,512,Move,33473663,25
962,77,512,Move,33473664,25
962,76,512,Move,33473671,25
962,74,512,Move,33473679,25
962,72,512,Move,33473687,25
962,70,512,Move,33473703,25
961,70,512,Move,33473711,25
961,68,512,Move,33473719,25
961,67,512,Move,33473727,25
961,66,512,Move,33473743,25
962,64,512,Move,33473751,25
963,64,512,Move,33473759,25
963,62,512,Move,33473767,25
963,60,512,Move,33473776,25
964,60,512,Move,33473783,25
964,58,512,Move,33473791,25
964,57,512,Move,33473799,25
964,57,512,Move,33473800,25
964,56,512,Move,33473807,25
964,55,512,Move,33473815,25
964,54,512,Move,33473824,25
964,53,512,Move,33473839,25
964,52,512,Move,33473847,25
965,52,512,Move,33473855,25
966,51,512,Move,33473863,25
966,49,512,Move,33473871,25
967,49,512,Move,33473879,25
968,48,512,Move,33473887,25
968,47,512,Move,33473895,25
969,47,512,Move,33473911,25
969,46,512,Move,33473919,25
969,45,160,Move,33473927,25
970,44,160,Move,33473935,25
971,43,160,Move,33473959,25
971,42,160,Move,33473967,25
971,41,160,Move,33473975,25
971,40,160,Move,33474007,25
971,40,161,Pressed,33474063,25
971,40,514,Released,33474167,25
971,40,512,Move,33474173,8
971,40,512,Move,33474222,8
968,42,512,Move,33474335,8
960,48,512,Move,33474343,8
947,59,512,Move,33474351,8
933,70,512,Move,33474359,8
912,86,512,Move,33474367,8
891,100,512,Move,33474375,8
871,114,512,Move,33474383,8
851,125,512,Move,33474391,8
825,138,512,Move,33474399,8
799,151,512,Move,33474407,8
781,159,512,Move,33474416,8
759,167,512,Move,33474423,8
735,174,512,Move,33474431,8
679,183,512,Move,33474456,8
662,183,512,Move,33474463,8
646,183,512,Move,33474471,8
632,183,512,Move,33474479,8
619,183,512,Move,33474487,8
604,180,512,Move,33474495,8
593,177,512,Move,33474503,8
582,176,512,Move,33474511,8
571,173,512,Move,33474519,8
563,172,512,Move,33474527,8
557,171,512,Move,33474535,8
552,169,512,Move,33474543,8
548,168,512,Move,33474551,8
546,166,512,Move,33474559,8
544,166,512,Move,33474567,8
544,165,512,Move,33474575,8
544,164,512,Move,33474583,8
544,163,512,Move,33474591,8
543,163,512,Move,33474599,8
543,161,512,Move,33474607,8
542,160,512,Move,33474615,8
542,159,512,Move,33474623,8
541,158,512,Move,33474631,8
540,157,512,Move,33474639,8
539,156,512,Move,33474647,8
539,155,512,Move,33474655,8
538,155,512,Move,33474663,8
537,154,512,Move,33474671,8
535,153,512,Move,33474679,8
533,151,512,Move,33474687,8
530,149,512,Move,33474695,8
526,148,512,Move,33474703,8
522,146,512,Move,33474711,8
515,145,512,Move,33474719,8
508,144,512,Move,33474727,8
501,143,512,Move,33474735,8
496,142,512,Move,33474743,8
490,141,512,Move,33474751,8
485,140,512,Move,33474759,8
482,140,512,Move,33474767,8
480,139,512,Move,33474775,8
480,138,512,Move,33474783,8
480,137,512,Move,33474799,8
480,136,512,Move,33474839,8
480,135,512,Move,33474855,8
480,134,512,Move,33474871,8
481,133,512,Move,33474887,8
482,132,512,Move,33474895,8
482,131,512,Move,33474903,8
482,130,512,Move,33474919,8
482,129,512,Move,33474927,8
483,128,512,Move,33474943,8
483,127,512,Move,33474983,8
483,127,513,Pressed,33475055,8
483,127,514,Released,33475119,8
483,129,512,Move,33475247,8
484,129,512,Move,33475255,8
486,131,512,Move,33475263,8
486,132,512,Move,33475274,8
488,133,512,Move,33475282,8
490,135,512,Move,33475287,8
491,136,512,Move,33475295,8
493,137,512,Move,33475303,8
496,137,512,Move,33475311,8
498,137,512,Move,33475327,8
500,137,512,Move,33475335,8
501,137,512,Move,33475344,8
503,136,512,Move,33475351,8
504,136,512,Move,33475359,8
505,136,512,Move,33475368,8
505,135,512,Move,33475375,8
506,135,512,Move,33475391,8
506,134,512,Move,33475399,8
506,133,512,Move,33475479,8
506,132,512,Move,33475503,8
506,131,512,Move,33475519,8
505,131,512,Move,33475551,8
505,130,512,Move,33475559,8
504,130,512,Move,33475647,8
503,132,512,Move,33475655,8
502,136,512,Move,33475663,8
501,139,512,Move,33475671,8
499,144,512,Move,33475679,8
498,148,512,Move,33475687,8
497,155,512,Move,33475695,8
496,163,512,Move,33475703,8
496,172,512,Move,33475711,8
496,182,512,Move,33475719,8
496,190,512,Move,33475727,8
498,200,512,Move,33475735,8
499,207,512,Move,33475743,8
502,216,512,Move,33475751,8
505,224,512,Move,33475759,8
509,233,512,Move,33475767,8
513,240,512,Move,33475775,8
515,249,512,Move,33475783,8
517,256,512,Move,33475791,8
520,267,512,Move,33475815,8
520,269,512,Move,33475823,8
520,273,512,Move,33475847,8
520,274,512,Move,33475848,8
520,274,522,Unknown(522),33476487,8
520,274,512,Move,33476501,8
520,274,512,Move,33476501,8
520,274,512,Move,33476505,8
520,274,512,Move,33476514,8
520,274,522,Unknown(522),33476519,8
520,274,512,Move,33476527,8
520,274,512,Move,33476542,8
520,274,512,Move,33476542,8
520,274,522,Unknown(522),33476543,8
520,274,512,Move,33476546,8
520,274,512,Move,33476554,8
520,274,522,Unknown(522),33476567,8
520,275,512,Move,33476575,8
520,275,512,Move,33476581,8
520,275,512,Move,33476582,8
520,276,512,Move,33476583,8
520,276,512,Move,33476589,8
520,276,512,Move,33476589,8
520,279,512,Move,33476592,8
520,282,512,Move,33476599,8
520,282,512,Move,33476602,8
520,284,512,Move,33476607,8
520,284,512,Move,33476611,8
519,287,512,Move,33476615,8
519,287,512,Move,33476619,8
519,290,512,Move,33476623,8
519,290,512,Move,33476627,8
518,292,512,Move,33476631,8
518,295,512,Move,33476639,8
518,295,512,Move,33476643,8
517,299,512,Move,33476647,8
517,299,512,Move,33476652,8
517,302,512,Move,33476655,8
516,305,512,Move,33476663,8
516,305,512,Move,33476666,8
516,307,512,Move,33476671,8
516,310,512,Move,33476679,8
516,312,512,Move,33476687,8
516,314,512,Move,33476695,8
516,317,512,Move,33476703,8
516,318,512,Move,33476711,8
516,321,512,Move,33476719,8
516,324,512,Move,33476727,8
516,326,512,Move,33476735,8
516,329,512,Move,33476743,8
516,333,512,Move,33476751,8
516,336,512,Move,33476759,8
516,339,512,Move,33476767,8
516,343,512,Move,33476775,8
516,347,512,Move,33476783,8
516,351,512,Move,33476791,8
516,356,512,Move,33476799,8
516,361,512,Move,33476807,8
514,366,512,Move,33476815,8
513,372,512,Move,33476823,8
512,377,512,Move,33476831,8
511,382,512,Move,33476839,8
510,386,512,Move,33476847,8
510,390,512,Move,33476855,8
509,393,512,Move,33476863,8
509,396,512,Move,33476871,8
508,398,512,Move,33476879,8
508,401,512,Move,33476887,8
508,402,512,Move,33476895,8
507,407,512,Move,33476918,8
506,409,512,Move,33476919,8
506,411,512,Move,33476927,8
505,413,512,Move,33476935,8
505,414,512,Move,33476943,8
505,416,512,Move,33476951,8
504,418,512,Move,33476959,8
504,419,512,Move,33476967,8
503,424,512,Move,33476990,8
503,425,512,Move,33476992,8
503,427,512,Move,33476999,8
502,429,512,Move,33477007,8
502,430,512,Move,33477015,8
502,433,512,Move,33477023,8
501,435,512,Move,33477031,8
501,436,512,Move,33477039,8
501,438,512,Move,33477047,8
500,441,512,Move,33477055,8
500,443,512,Move,33477063,8
500,445,512,Move,33477071,8
500,448,512,Move,33477079,8
500,449,512,Move,33477087,8
499,450,512,Move,33477095,8
499,451,512,Move,33477103,8
499,450,512,Move,33477231,8
498,447,512,Move,33477239,8
498,444,512,Move,33477247,8
496,438,512,Move,33477255,8
496,435,512,Move,33477263,8
496,431,512,Move,33477271,8
496,427,512,Move,33477279,8
496,424,512,Move,33477287,8
496,421,512,Move,33477295,8
496,418,512,Move,33477303,8
496,413,512,Move,33477326,8
496,411,512,Move,33477328,8
496,410,512,Move,33477335,8
496,409,512,Move,33477351,8
496,408,512,Move,33477359,8
496,408,516,Pressed,33477583,8
496,408,517,Released,33477647,8
496,408,512,Move,33477670,8
496,408,512,Move,33477672,8
496,409,512,Move,33478815,8
499,412,512,Move,33478823,8
511,430,512,Move,33478849,8
524,446,512,Move,33478873,8
529,453,512,Move,33478879,8
532,458,512,Move,33478887,8
534,463,512,Move,33478895,8
537,469,512,Move,33478903,8
539,475,512,Move,33478911,8
540,479,512,Move,33478919,8
542,483,512,Move,33478927,8
543,487,512,Move,33478935,8
543,490,512,Move,33478943,8
543,493,512,Move,33478951,8
543,497,512,Move,33478959,8
543,500,512,Move,33478967,8
543,502,512,Move,33478975,8
543,505,512,Move,33478983,8
543,509,512,Move,33478991,8
543,510,512,Move,33478999,8
543,514,512,Move,33479007,8
543,517,512,Move,33479015,8
543,519,512,Move,33479023,8
543,523,512,Move,33479031,8
543,526,512,Move,33479039,8
543,530,512,Move,33479047,8
543,532,512,Move,33479055,8
543,535,512,Move,33479063,8
543,536,512,Move,33479071,8
543,539,512,Move,33479079,8
543,540,512,Move,33479087,8
543,541,512,Move,33479095,8
543,543,512,Move,33479103,8
543,544,512,Move,33479111,8
543,545,512,Move,33479207,8
543,546,512,Move,33479223,8
543,547,512,Move,33479231,8
543,548,512,Move,33479247,8
543,549,512,Move,33479255,8
543,550,512,Move,33479263,8
542,551,512,Move,33479271,8
542,552,512,Move,33479279,8
542,553,512,Move,33479295,8
542,553,513,Pressed,33479487,8
542,553,514,Released,33479575,8
542,553,512,Move,33479585,8
542,553,512,Move,33479587,8
542,553,512,Move,33479587,8
542,553,512,Move,33479588,8
542,553,512,Move,33479588,8
542,553,512,Move,33479589,8
542,553,512,Move,33479589,8
542,553,512,Move,33479590,8
542,553,512,Move,33479591,8
542,553,512,Move,33479591,8
542,553,512,Move,33479591,8
542,553,512,Move,33479592,8
542,553,512,Move,33479593,8
542,553,512,Move,33479593,8
542,553,512,Move,33479595,8
542,553,512,Move,33479595,8
542,553,512,Move,33479596,8
542,553,512,Move,33479596,8
542,553,512,Move,33479597,8
542,553,512,Move,33479597,8
542,553,512,Move,33479598,8
542,553,512,Move,33479662,8
543,553,512,Move,33479703,8
544,553,512,Move,33479711,8
548,553,512,Move,33479719,8
552,552,512,Move,33479727,8
556,551,512,Move,33479735,8
563,549,512,Move,33479743,8
570,548,512,Move,33479751,8
577,547,512,Move,33479759,8
587,546,512,Move,33479768,8
596,545,512,Move,33479775,8
596,545,512,Move,33479776,8
596,545,512,Move,33479778,8
596,545,512,Move,33479778,8
596,545,512,Move,33479779,8
596,545,512,Move,33479779,8
596,545,512,Move,33479780,8
596,545,512,Move,33479780,8
596,545,512,Move,33479781,8
596,545,512,Move,33479781,8
596,545,512,Move,33479782,8
596,545,512,Move,33479782,8
606,542,512,Move,33479783,8
606,542,512,Move,33479784,8
606,542,512,Move,33479785,8
606,542,512,Move,33479786,8
606,542,512,Move,33479786,8
606,542,512,Move,33479787,8
606,542,512,Move,33479787,8
606,542,512,Move,33479788,8
606,542,512,Move,33479788,8
606,542,512,Move,33479789,8
606,542,512,Move,33479789,8
606,542,512,Move,33479790,8
606,542,512,Move,33479790,8
606,542,512,Move,33479791,8
616,541,512,Move,33479791,8
616,541,512,Move,33479793,8
616,541,512,Move,33479793,8
616,541,512,Move,33479794,8
616,541,512,Move,33479794,8
616,541,512,Move,33479795,8
616,541,512,Move,33479795,8
616,541,512,Move,33479796,8
616,541,512,Move,33479796,8
616,541,512,Move,33479797,8
627,538,512,Move,33479799,8
637,537,512,Move,33479807,8
649,536,512,Move,33479815,8
661,531,512,Move,33479823,8
671,526,512,Move,33479831,8
684,521,512,Move,33479840,8
696,514,512,Move,33479847,8
708,509,512,Move,33479855,8
719,503,512,Move,33479863,8
729,498,512,Move,33479871,8
740,491,512,Move,33479879,8
751,486,512,Move,33479887,8
751,486,512,Move,33479889,8
751,486,512,Move,33479889,8
751,486,512,Move,33479890,8
751,486,512,Move,33479890,8
751,486,512,Move,33479891,8
751,486,512,Move,33479893,8
751,486,512,Move,33479893,8
751,486,512,Move,33479895,8
760,481,512,Move,33479895,8
760,481,512,Move,33479896,8
760,481,512,Move,33479897,8
760,481,512,Move,33479898,8
760,481,512,Move,33479899,8
760,481,512,Move,33479900,8
769,476,512,Move,33479903,8
778,473,512,Move,33479911,8
785,469,512,Move,33479919,8
789,467,512,Move,33479927,8
793,466,512,Move,33479935,8
794,465,512,Move,33479943,8
794,463,512,Move,33479951,8
792,462,512,Move,33479959,8
792,461,512,Move,33479967,8
791,461,512,Move,33479975,8
789,461,512,Move,33479983,8
789,460,512,Move,33480247,8
788,460,512,Move,33480255,8
787,460,512,Move,33480263,8
786,460,512,Move,33480271,8
785,459,512,Move,33480279,8
785,458,512,Move,33480287,8
784,458,512,Move,33480295,8
782,458,512,Move,33480303,8
780,458,512,Move,33480311,8
776,458,512,Move,33480319,8
772,459,512,Move,33480327,8
767,459,512,Move,33480335,8
761,460,512,Move,33480343,8
757,461,512,Move,33480351,8
750,462,512,Move,33480359,8
745,464,512,Move,33480367,8
738,466,512,Move,33480375,8
732,469,512,Move,33480383,25
725,471,512,Move,33480391,25
718,473,512,Move,33480399,25
709,475,512,Move,33480407,25
700,477,512,Move,33480415,25
693,480,512,Move,33480423,25
687,482,512,Move,33480431,25
685,484,512,Move,33480440,25
685,484,512,Move,33480440,25
682,485,512,Move,33480447,25
680,485,512,Move,33480455,25
676,487,512,Move,33480463,25
673,488,512,Move,33480471,25
668,491,512,Move,33480479,25
664,493,512,Move,33480487,25
661,493,512,Move,33480495,25
658,494,512,Move,33480503,25
657,495,512,Move,33480511,25
656,496,512,Move,33480519,25
654,497,512,Move,33480527,25
653,497,512,Move,33480535,25
650,497,512,Move,33480543,25
647,498,512,Move,33480551,25
644,498,512,Move,33480559,25
641,498,512,Move,33480567,25
638,498,512,Move,33480575,25
634,498,512,Move,33480583,25
632,498,512,Move,33480591,25
629,498,512,Move,33480599,25
625,498,512,Move,33480607,25
622,498,512,Move,33480615,25
618,498,512,Move,33480623,25
615,498,512,Move,33480631,25
612,498,512,Move,33480639,25
611,498,512,Move,33480647,25
610,498,512,Move,33480655,25
608,498,512,Move,33480663,25
606,498,512,Move,33480673,25
606,498,512,Move,33480674,25
605,498,512,Move,33480679,25
604,498,512,Move,33480687,25
602,498,512,Move,33480695,25
600,498,512,Move,33480711,25
599,498,512,Move,33480719,25
597,498,512,Move,33480727,25
596,498,512,Move,33480735,25
596,498,513,Pressed,33480871,25
596,498,514,Released,33480951,25
596,498,512,Move,33480981,8
624,498,512,Move,33481094,25
624,498,512,Move,33481094,25
634,498,512,Move,33481095,25
634,498,512,Move,33481096,25
646,498,512,Move,33481103,25
646,498,512,Move,33481104,25
658,498,160,Move,33481112,25
658,498,160,Move,33481112,25
669,498,512,Move,33481119,25
669,498,512,Move,33481120,25
681,498,512,Move,33481127,25
695,495,512,Move,33481135,25
708,492,512,Move,33481143,25
722,491,512,Move,33481152,25
735,488,512,Move,33481159,25
750,484,512,Move,33481167,25
767,481,512,Move,33481175,25
785,474,512,Move,33481183,25
807,463,512,Move,33481191,25
827,452,512,Move,33481199,25
848,438,512,Move,33481207,25
860,431,512,Move,33481215,25
872,422,512,Move,33481223,25
887,410,512,Move,33481231,25
899,397,512,Move,33481239,25
910,386,512,Move,33481247,25
921,375,512,Move,33481255,25
930,365,512,Move,33481263,25
938,354,512,Move,33481271,25
943,343,512,Move,33481279,25
948,332,512,Move,33481287,25
969,256,512,Move,33481347,25
969,256,512,Move,33481348,25
971,245,512,Move,33481351,25
973,233,512,Move,33481359,25
975,222,512,Move,33481367,25
976,214,512,Move,33481376,25
976,207,512,Move,33481383,25
977,198,160,Move,33481391,25
979,191,160,Move,33481399,25
980,184,160,Move,33481407,25
981,177,512,Move,33481415,25
983,172,160,Move,33481424,25
984,166,160,Move,33481435,25
984,166,160,Move,33481436,25
984,163,160,Move,33481439,25
985,159,160,Move,33481447,25
986,155,160,Move,33481455,25
989,151,512,Move,33481464,8
992,146,512,Move,33481471,8
995,143,512,Move,33481479,8
997,141,512,Move,33481487,8
1000,137,512,Move,33481495,8
1004,134,512,Move,33481503,8
1007,133,512,Move,33481513,8
1009,130,512,Move,33481519,8
1012,128,512,Move,33481527,8
1014,126,512,Move,33481535,8
1017,124,512,Move,33481543,8
1019,121,512,Move,33481551,8
1020,120,512,Move,33481559,8
1021,117,512,Move,33481567,8
1023,115,512,Move,33481575,8
1023,113,512,Move,33481583,8
1023,112,512,Move,33481591,8
1023,109,512,Move,33481599,8
1023,107,512,Move,33481607,8
1023,106,512,Move,33481615,8
1023,105,512,Move,33481625,8
1023,104,512,Move,33481631,8
1023,103,512,Move,33481639,8
1023,102,512,Move,33481647,8
1023,101,512,Move,33481711,8
1023,100,512,Move,33481727,8
1022,98,512,Move,33481745,8
1021,97,512,Move,33481751,8
1019,95,512,Move,33481759,8
1019,93,512,Move,33481767,8
1016,90,512,Move,33481775,8
1015,88,512,Move,33481783,8
1012,85,512,Move,33481791,8
1008,82,512,Move,33481799,8
1005,79,512,Move,33481807,8
1001,74,512,Move,33481815,8
997,70,512,Move,33481823,8
994,67,512,Move,33481831,8
991,64,512,Move,33481839,8
989,60,512,Move,33481847,8
987,57,512,Move,33481855,8
985,55,160,Move,33481863,25
983,53,160,Move,33481871,25
981,50,512,Move,33481879,25
980,48,512,Move,33481887,25
978,45,160,Move,33481895,25
977,44,160,Move,33481903,25
976,43,160,Move,33481911,25
975,41,160,Move,33481920,25
975,41,160,Move,33481920,25
974,40,160,Move,33481927,25
973,40,160,Move,33481935,25
973,39,160,Move,33481943,25
973,38,160,Move,33481951,25
972,38,160,Move,33481959,25
972,37,160,Move,33481967,25
972,36,160,Move,33481991,25
972,35,160,Move,33482009,25
972,35,160,Move,33482009,25
972,35,161,Pressed,33482199,25
972,35,514,Released,33482295,25
972,35,512,Move,33482309,8
971,35,512,Move,33482559,8
970,35,512,Move,33482567,8
966,38,512,Move,33482575,8
962,41,512,Move,33482583,8
955,46,512,Move,33482591,8
950,49,512,Move,33482599,8
946,53,160,Move,33482607,25
942,56,512,Move,33482615,8
937,59,512,Move,33482623,8
930,66,512,Move,33482631,8
919,70,512,Move,33482639,8
908,75,512,Move,33482647,8
896,80,512,Move,33482655,8
883,86,512,Move,33482663,8
870,93,512,Move,33482671,8
852,100,512,Move,33482679,8
842,104,512,Move,33482687,8
824,111,512,Move,33482695,8
806,119,512,Move,33482703,8
787,127,512,Move,33482711,8
766,135,512,Move,33482719,8
744,143,512,Move,33482727,8
723,152,512,Move,33482735,8
704,159,512,Move,33482743,8
686,167,512,Move,33482751,8
668,173,512,Move,33482759,8
651,177,512,Move,33482767,8
634,180,512,Move,33482775,8
621,183,512,Move,33482783,8
609,184,512,Move,33482791,8
600,185,512,Move,33482799,8
594,185,512,Move,33482807,8
589,185,512,Move,33482815,8
585,185,512,Move,33482823,8
581,185,512,Move,33482831,8
578,184,512,Move,33482839,8
576,182,512,Move,33482847,8
573,180,512,Move,33482855,8
571,178,512,Move,33482863,8
568,176,512,Move,33482871,8
566,175,512,Move,33482879,8
565,174,512,Move,33482887,8
562,173,512,Move,33482895,8
560,171,512,Move,33482903,8
558,169,512,Move,33482911,8
556,167,512,Move,33482919,8
552,166,512,Move,33482927,8
549,165,512,Move,33482935,8
546,164,512,Move,33482943,8
543,163,512,Move,33482951,8
541,162,512,Move,33482959,8
539,161,512,Move,33482967,8
537,160,512,Move,33482975,8
535,158,512,Move,33482983,8
535,157,512,Move,33482991,8
534,156,512,Move,33482999,8
533,154,512,Move,33483007,8
531,152,512,Move,33483015,8
530,151,512,Move,33483023,8
529,149,512,Move,33483031,8
527,147,512,Move,33483039,8
525,146,512,Move,33483047,8
522,145,512,Move,33483055,8
522,144,512,Move,33483063,8
520,143,512,Move,33483071,8
518,142,512,Move,33483079,8
517,141,512,Move,33483087,8
515,140,512,Move,33483095,8
514,140,512,Move,33483103,8
513,139,512,Move,33483111,8
513,138,512,Move,33483119,8
512,137,512,Move,33483127,8
511,137,512,Move,33483135,8
510,136,512,Move,33483143,8
509,135,512,Move,33483151,8
508,134,512,Move,33483159,8
507,134,512,Move,33483167,8
505,133,512,Move,33483175,8
504,133,512,Move,33483183,8
503,132,512,Move,33483191,8
502,131,512,Move,33483199,8
501,131,512,Move,33483207,8
501,130,512,Move,33483215,8
500,130,512,Move,33483223,8
499,129,512,Move,33483231,8
498,129,512,Move,33483239,8
497,128,512,Move,33483255,8
496,127,512,Move,33483263,8
495,127,512,Move,33483271,8
494,127,512,Move,33483279,8
492,126,512,Move,33483287,8
492,125,512,Move,33483295,8
491,125,512,Move,33483303,8
490,124,512,Move,33483311,8
490,124,513,Pressed,33483455,8
490,124,514,Released,33483543,8
490,124,512,Move,33483672,8
492,124,512,Move,33483703,8
495,125,512,Move,33483711,8
496,125,512,Move,33483719,8
499,126,512,Move,33483727,8
501,127,512,Move,33483735,8
502,128,512,Move,33483743,8
503,129,512,Move,33483751,8
505,129,512,Move,33483760,8
506,129,512,Move,33483775,8
506,130,512,Move,33483991,8
506,131,512,Move,33483999,8
506,133,512,Move,33484015,8
506,134,512,Move,33484023,8
506,136,512,Move,33484031,8
505,139,512,Move,33484039,8
505,141,512,Move,33484047,8
505,145,512,Move,33484055,8
505,149,512,Move,33484063,8
505,154,512,Move,33484071,8
506,163,512,Move,33484079,8
507,168,512,Move,33484087,8
509,177,512,Move,33484095,8
513,184,512,Move,33484103,8
517,195,512,Move,33484111,8
522,205,512,Move,33484119,8
529,219,512,Move,33484127,8
535,233,512,Move,33484135,8
543,245,512,Move,33484143,8
551,256,512,Move,33484151,8
559,267,512,Move,33484159,8
566,276,512,Move,33484167,8
574,285,512,Move,33484175,8
579,295,512,Move,33484183,8
586,305,512,Move,33484191,8
591,313,512,Move,33484199,8
594,319,512,Move,33484207,8
597,323,512,Move,33484215,8
601,327,512,Move,33484223,8
602,329,512,Move,33484231,8
603,330,512,Move,33484239,8
604,331,512,Move,33484247,8
605,331,512,Move,33484255,8
605,332,512,Move,33484263,8
605,332,522,Unknown(522),33484743,8
605,332,512,Move,33484759,8
605,332,512,Move,33484759,8
605,332,512,Move,33484783,8
605,332,512,Move,33484783,8
605,332,522,Unknown(522),33484783,8
605,332,512,Move,33484787,8
605,332,512,Move,33484788,8
605,332,512,Move,33484793,8
605,332,522,Unknown(522),33484808,8
605,332,522,Unknown(522),33484809,8
605,332,512,Move,33484810,8
605,332,512,Move,33484812,8
605,332,512,Move,33484822,8
605,332,512,Move,33484822,8
605,332,512,Move,33484825,8
605,332,522,Unknown(522),33484839,8
605,332,512,Move,33484845,8
605,332,512,Move,33484845,8
605,332,512,Move,33484848,8
605,332,512,Move,33484853,8
605,332,512,Move,33484875,8
605,332,512,Move,33484875,8
605,332,512,Move,33484878,8
605,332,512,Move,33484889,8
605,332,512,Move,33484900,8
604,332,512,Move,33484903,8
604,332,512,Move,33484907,8
602,334,512,Move,33484920,8
601,335,512,Move,33484927,8
601,335,512,Move,33484930,8
600,336,512,Move,33484935,8
599,338,512,Move,33484943,8
598,339,512,Move,33484951,8
596,340,512,Move,33484959,8
595,341,512,Move,33484967,8
592,343,512,Move,33484975,8
591,345,512,Move,33484983,8
588,345,512,Move,33484991,8
586,348,512,Move,33484999,8
585,351,512,Move,33485007,8
582,353,512,Move,33485015,8
578,356,512,Move,33485023,8
575,358,512,Move,33485031,8
572,361,512,Move,33485039,8
570,363,512,Move,33485047,8
567,364,512,Move,33485055,8
565,366,512,Move,33485063,8
562,368,512,Move,33485071,8
559,370,512,Move,33485079,8
557,372,512,Move,33485087,8
555,374,512,Move,33485095,8
553,375,512,Move,33485103,8
552,376,512,Move,33485111,8
549,377,512,Move,33485119,8
548,378,512,Move,33485127,8
547,379,512,Move,33485135,8
546,380,512,Move,33485143,8
545,381,512,Move,33485151,8
544,382,512,Move,33485159,8
543,382,512,Move,33485167,8
541,383,512,Move,33485175,8
541,384,512,Move,33485183,8
539,385,512,Move,33485191,8
537,386,512,Move,33485199,8
536,387,512,Move,33485207,8
533,390,512,Move,33485215,8
530,392,512,Move,33485223,8
528,393,512,Move,33485231,8
526,395,512,Move,33485239,8
525,395,512,Move,33485247,8
523,397,512,Move,33485255,8
522,397,512,Move,33485271,8
522,398,512,Move,33485279,8
521,398,512,Move,33485287,8
520,398,512,Move,33485295,8
520,399,512,Move,33485303,8
520,400,512,Move,33485311,8
519,400,512,Move,33485319,8
519,401,512,Move,33485335,8
519,402,512,Move,33485343,8
518,405,512,Move,33485365,8
518,406,512,Move,33485367,8
518,408,512,Move,33485375,8
518,409,512,Move,33485383,8
518,411,512,Move,33485391,8
518,413,512,Move,33485399,8
518,414,512,Move,33485415,8
518,415,512,Move,33485423,8
518,416,512,Move,33485439,8
518,417,512,Move,33485447,8
517,417,512,Move,33485575,8
516,416,512,Move,33485583,8
513,409,512,Move,33485634,8
512,409,512,Move,33485639,8
512,408,512,Move,33485647,8
512,408,516,Pressed,33485759,8
512,408,517,Released,33485831,8
512,408,512,Move,33485853,8
512,408,512,Move,33485857,8
512,409,512,Move,33486103,8
512,411,512,Move,33486111,8
513,414,512,Move,33486119,8
516,419,512,Move,33486127,8
521,431,512,Move,33486150,8
524,437,512,Move,33486152,8
527,445,512,Move,33486159,8
529,453,512,Move,33486167,8
532,458,512,Move,33486175,8
535,466,512,Move,33486183,8
537,470,512,Move,33486191,8
538,475,512,Move,33486199,8
541,479,512,Move,33486207,8
543,483,512,Move,33486215,8
544,486,512,Move,33486223,8
545,489,512,Move,33486231,8
546,491,512,Move,33486239,8
547,492,512,Move,33486247,8
548,494,512,Move,33486255,8
549,496,512,Move,33486263,8
550,499,512,Move,33486271,8
550,502,512,Move,33486287,8
551,503,512,Move,33486295,8
552,505,512,Move,33486303,8
552,507,512,Move,33486311,8
552,508,512,Move,33486319,8
553,510,512,Move,33486327,8
553,512,512,Move,33486335,8
553,513,512,Move,33486351,8
553,514,512,Move,33486359,8
553,515,512,Move,33486383,8
553,516,512,Move,33486391,8
553,517,512,Move,33486415,8
553,518,512,Move,33486423,8
553,519,512,Move,33486431,8
553,520,512,Move,33486439,8
553,521,512,Move,33486447,8
553,522,512,Move,33486455,8
553,524,512,Move,33486463,8
553,526,512,Move,33486479,8
553,527,512,Move,33486487,8
553,528,512,Move,33486495,8
553,529,512,Move,33486503,8
553,531,512,Move,33486511,8
553,532,512,Move,33486519,8
553,534,512,Move,33486527,8
553,535,512,Move,33486535,8
553,537,512,Move,33486543,8
553,539,512,Move,33486551,8
553,540,512,Move,33486567,8
553,541,512,Move,33486575,8
553,542,512,Move,33486591,8
553,543,512,Move,33486599,8
553,544,512,Move,33486615,8
553,545,512,Move,33486863,8
553,546,512,Move,33486871,8
553,547,512,Move,33486887,8
553,548,512,Move,33486903,8
553,549,512,Move,33486919,8
553,549,513,Pressed,33487055,8
553,549,514,Released,33487151,8
553,549,512,Move,33487160,8
553,549,512,Move,33487162,8
553,549,512,Move,33487163,8
553,549,512,Move,33487163,8
553,549,512,Move,33487164,8
553,549,512,Move,33487164,8
553,549,512,Move,33487165,8
553,549,512,Move,33487166,8
553,549,512,Move,33487166,8
553,549,512,Move,33487166,8
553,549,512,Move,33487167,8
553,549,512,Move,33487167,8
553,549,512,Move,33487168,8
553,549,512,Move,33487170,8
553,549,512,Move,33487171,8
553,549,512,Move,33487171,8
553,549,512,Move,33487172,8
553,549,512,Move,33487172,8
553,549,512,Move,33487173,8
553,549,512,Move,33487173,8
553,549,512,Move,33487174,8
553,549,512,Move,33487174,8
553,549,512,Move,33487175,8
553,549,512,Move,33487175,8
553,549,512,Move,33487176,8
553,549,512,Move,33487176,8
553,549,512,Move,33487177,8
553,549,512,Move,33487177,8
553,549,512,Move,33487178,8
553,549,512,Move,33487178,8
553,549,512,Move,33487179,8
553,549,512,Move,33487179,8
553,549,512,Move,33487180,8
553,549,512,Move,33487180,8
553,549,512,Move,33487182,8
553,549,512,Move,33487182,8
553,549,512,Move,33487212,8
553,549,512,Move,33487216,8
553,549,512,Move,33487218,8
553,549,512,Move,33487219,8
555,549,512,Move,33487303,8
556,549,512,Move,33487311,8
559,549,512,Move,33487319,8
561,548,512,Move,33487327,8
562,547,512,Move,33487335,8
565,546,512,Move,33487346,8
568,545,512,Move,33487352,8
568,545,512,Move,33487354,8
568,545,512,Move,33487355,8
568,545,512,Move,33487356,8
568,545,512,Move,33487356,8
568,545,512,Move,33487357,8
568,545,512,Move,33487357,8
568,545,512,Move,33487358,8
568,545,512,Move,33487358,8
570,544,512,Move,33487359,8
570,544,512,Move,33487361,8
570,544,512,Move,33487361,8
570,544,512,Move,33487362,8
570,544,512,Move,33487363,8
570,544,512,Move,33487363,8
570,544,512,Move,33487364,8
570,544,512,Move,33487364,8
570,544,512,Move,33487365,8
570,544,512,Move,33487365,8
570,544,512,Move,33487366,8
570,544,512,Move,33487367,8
572,542,512,Move,33487367,8
572,542,512,Move,33487369,8
572,542,512,Move,33487370,8
572,542,512,Move,33487370,8
572,542,512,Move,33487371,8
572,542,512,Move,33487371,8
572,542,512,Move,33487372,8
572,542,512,Move,33487372,8
572,542,512,Move,33487373,8
572,542,512,Move,33487373,8
572,542,512,Move,33487374,8
572,542,512,Move,33487374,8
575,540,512,Move,33487375,8
575,540,512,Move,33487376,8
575,540,512,Move,33487377,8
575,540,512,Move,33487377,8
577,540,512,Move,33487383,8
580,538,512,Move,33487391,8
581,537,512,Move,33487399,8
583,535,512,Move,33487407,8
585,534,512,Move,33487415,8
586,533,512,Move,33487423,8
586,532,512,Move,33487431,8
587,531,512,Move,33487439,8
588,530,512,Move,33487447,8
589,530,512,Move,33487455,8
589,529,512,Move,33487463,8
589,529,512,Move,33487473,8
589,529,512,Move,33487474,8
589,529,512,Move,33487475,8
589,529,512,Move,33487475,8
589,529,512,Move,33487476,8
589,529,512,Move,33487477,8
589,529,512,Move,33487478,8
589,528,512,Move,33487479,8
589,528,512,Move,33487481,8
589,528,512,Move,33487482,8
589,528,512,Move,33487483,8
589,528,512,Move,33487483,8
589,528,512,Move,33487484,8
589,528,512,Move,33487485,8
589,527,512,Move,33487487,8
589,526,512,Move,33487495,8
589,525,512,Move,33487511,8
589,524,512,Move,33487519,8
589,523,160,Move,33487537,25
589,523,160,Move,33487537,25
589,522,160,Move,33487543,25
589,521,160,Move,33487551,25
590,520,512,Move,33487567,25
591,519,512,Move,33487575,25
592,518,512,Move,33487599,25
593,518,512,Move,33487607,25
593,517,512,Move,33487623,25
594,517,512,Move,33487679,25
595,517,512,Move,33487703,25
596,517,512,Move,33487735,25
597,517,512,Move,33487743,25
598,517,512,Move,33487759,25
599,517,512,Move,33487767,25
600,517,512,Move,33487775,25
600,516,512,Move,33487871,25
600,515,512,Move,33487887,25
600,514,512,Move,33487895,25
599,513,512,Move,33487903,25
598,511,512,Move,33487911,25
596,510,512,Move,33487920,25
596,510,512,Move,33487921,25
595,508,512,Move,33487927,25
594,507,512,Move,33487935,25
594,505,512,Move,33487943,25
593,505,512,Move,33487951,25
593,504,512,Move,33487971,25
593,504,512,Move,33487971,25
593,503,512,Move,33487991,25
593,503,513,Pressed,33488104,25
593,503,513,Pressed,33488104,25
593,503,514,Released,33488191,25
593,503,512,Move,33488223,8
593,503,512,Move,33488323,25
593,503,512,Move,33488324,25
601,501,512,Move,33488374,25
601,501,512,Move,33488374,25
608,500,512,Move,33488376,25
608,500,512,Move,33488377,25
616,498,512,Move,33488385,25
616,498,512,Move,33488386,25
628,494,512,Move,33488391,25
638,489,512,Move,33488399,25
652,482,160,Move,33488407,25
666,476,160,Move,33488415,25
685,465,512,Move,33488423,25
704,456,512,Move,33488431,25
718,447,512,Move,33488439,25
734,435,512,Move,33488447,25
758,421,512,Move,33488455,25
779,405,512,Move,33488463,25
798,388,512,Move,33488471,25
816,373,512,Move,33488479,25
832,357,512,Move,33488487,25
854,337,512,Move,33488495,25
870,321,512,Move,33488503,25
884,305,512,Move,33488511,25
894,291,512,Move,33488519,25
905,277,512,Move,33488527,25
917,262,512,Move,33488535,25
925,250,512,Move,33488543,25
948,198,160,Move,33488583,25
948,192,160,Move,33488591,25
949,186,160,Move,33488599,25
950,181,160,Move,33488607,25
950,178,512,Move,33488615,25
950,174,512,Move,33488623,25
950,172,512,Move,33488631,25
950,168,512,Move,33488639,25
949,166,512,Move,33488647,25
947,163,512,Move,33488655,25
946,162,512,Move,33488673,25
946,162,512,Move,33488673,25
946,161,512,Move,33488679,25
945,161,512,Move,33488695,25
946,160,512,Move,33488847,25
948,159,512,Move,33488855,25
951,157,512,Move,33488863,25
953,156,512,Move,33488871,25
956,152,512,Move,33488879,25
959,148,512,Move,33488887,25
964,142,512,Move,33488895,25
969,137,512,Move,33488903,25
974,130,512,Move,33488911,25
974,130,512,Move,33488912,25
977,124,512,Move,33488919,25
978,118,512,Move,33488927,25
980,113,512,Move,33488935,25
981,109,512,Move,33488943,25
981,105,512,Move,33488951,25
981,101,512,Move,33488960,25
981,98,512,Move,33488967,25
981,93,512,Move,33488975,25
980,89,512,Move,33488983,25
980,89,512,Move,33488984,25
979,86,512,Move,33488991,25
978,84,512,Move,33488999,25
977,83,512,Move,33489007,25
976,81,512,Move,33489015,25
975,80,512,Move,33489024,25
975,80,512,Move,33489024,25
975,79,512,Move,33489031,25
975,77,512,Move,33489039,25
974,76,512,Move,33489047,25
973,74,512,Move,33489063,25
972,73,512,Move,33489071,25
972,72,512,Move,33489087,25
971,70,512,Move,33489095,25
970,70,512,Move,33489103,25
970,68,512,Move,33489111,25
970,66,512,Move,33489127,25
970,65,512,Move,33489135,25
969,64,512,Move,33489143,25
969,63,512,Move,33489151,25
969,62,512,Move,33489159,25
968,60,512,Move,33489167,25
968,58,512,Move,33489175,25
968,56,512,Move,33489191,25
968,54,512,Move,33489199,25
968,53,512,Move,33489207,25
968,52,512,Move,33489215,25
968,51,512,Move,33489223,25
968,49,512,Move,33489231,25
968,48,512,Move,33489239,25
968,47,512,Move,33489247,25
968,45,160,Move,33489255,25
968,44,160,Move,33489263,25
968,43,160,Move,33489279,25
968,43,160,Move,33489280,25
968,42,160,Move,33489287,25
968,42,160,Move,33489288,25
968,41,160,Move,33489295,25
968,40,160,Move,33489327,25
968,39,160,Move,33489343,25
968,38,160,Move,33489367,25
968,37,160,Move,33489407,25
969,37,160,Move,33489463,25
969,36,160,Move,33489495,25
969,36,161,Pressed,33489543,25
969,36,514,Released,33489615,25
969,36,512,Move,33489638,8
968,36,512,Move,33489719,8
967,38,512,Move,33489727,8
966,41,512,Move,33489735,8
963,44,512,Move,33489743,8
961,48,512,Move,33489751,8
958,51,512,Move,33489759,8
955,55,512,Move,33489767,8
952,59,512,Move,33489775,8
948,65,512,Move,33489783,8
944,70,512,Move,33489791,8
939,74,512,Move,33489799,8
935,77,512,Move,33489807,8
929,82,512,Move,33489815,8
921,89,512,Move,33489823,8
911,94,512,Move,33489831,8
901,99,512,Move,33489839,8
891,103,512,Move,33489847,8
877,107,512,Move,33489855,8
865,113,512,Move,33489863,8
850,118,512,Move,33489871,8
836,122,512,Move,33489879,8
821,125,512,Move,33489887,8
802,128,512,Move,33489895,8
785,131,512,Move,33489903,8
769,133,512,Move,33489911,8
755,133,512,Move,33489919,8
740,133,512,Move,33489927,8
727,133,512,Move,33489935,8
716,133,512,Move,33489943,8
702,133,512,Move,33489951,8
689,133,512,Move,33489959,8
679,131,512,Move,33489967,8
668,129,512,Move,33489975,8
658,126,512,Move,33489983,8
648,126,512,Move,33489991,8
639,123,512,Move,33489999,8
631,122,512,Move,33490007,8
622,121,512,Move,33490015,8
613,119,512,Move,33490023,8
606,118,512,Move,33490031,8
598,118,512,Move,33490039,8
591,118,512,Move,33490047,8
583,118,512,Move,33490055,8
578,118,512,Move,33490063,8
573,118,512,Move,33490071,8
567,118,512,Move,33490079,8
564,118,512,Move,33490087,8
559,118,512,Move,33490095,8
552,118,512,Move,33490103,8
545,119,512,Move,33490111,8
538,120,512,Move,33490119,8
531,120,512,Move,33490127,8
526,120,512,Move,33490135,8
521,120,512,Move,33490143,8
517,120,512,Move,33490151,8
513,120,512,Move,33490159,8
510,120,512,Move,33490167,8
507,120,512,Move,33490175,8
504,120,512,Move,33490183,8
501,120,512,Move,33490191,8
499,120,512,Move,33490199,8
496,120,512,Move,33490207,8
494,120,512,Move,33490215,8
493,120,512,Move,33490343,8
492,120,512,Move,33490359,8
491,120,512,Move,33490375,8
490,120,512,Move,33490391,8
489,120,512,Move,33490407,8
488,120,512,Move,33490447,8
487,120,512,Move,33490455,8
486,120,512,Move,33490471,8
485,120,512,Move,33490487,8
484,120,512,Move,33490503,8
483,120,512,Move,33490511,8
483,121,512,Move,33490519,8
482,121,512,Move,33490527,8
482,121,513,Pressed,33490591,8
482,121,514,Released,33490671,8
482,123,512,Move,33490759,8
482,124,512,Move,33490780,8
482,125,512,Move,33490783,8
482,128,512,Move,33490799,8
483,130,512,Move,33490807,8
484,131,512,Move,33490815,8
485,134,512,Move,33490823,8
486,137,512,Move,33490831,8
488,140,512,Move,33490839,8
489,142,512,Move,33490847,8
490,146,512,Move,33490855,8
492,150,512,Move,33490863,8
493,153,512,Move,33490871,8
494,157,512,Move,33490879,8
494,160,512,Move,33490887,8
494,163,512,Move,33490895,8
494,166,512,Move,33490903,8
494,170,512,Move,33490911,8
494,175,512,Move,33490919,8
494,180,512,Move,33490927,8
494,185,512,Move,33490935,8
495,191,512,Move,33490943,8
495,199,512,Move,33490951,8
495,206,512,Move,33490959,8
495,214,512,Move,33490967,8
495,219,512,Move,33490975,8
495,226,512,Move,33490983,8
495,234,512,Move,33490991,8
498,250,512,Move,33491012,8
502,274,512,Move,33491034,8
505,280,512,Move,33491039,8
508,288,512,Move,33491047,8
511,295,512,Move,33491055,8
515,304,512,Move,33491063,8
518,313,512,Move,33491071,8
523,322,512,Move,33491079,8
527,331,512,Move,33491087,8
530,338,512,Move,33491095,8
534,347,512,Move,33491103,8
538,356,512,Move,33491111,8
543,363,512,Move,33491119,8
549,371,512,Move,33491127,8
559,385,512,Move,33491148,8
577,400,512,Move,33491170,8
603,416,512,Move,33491191,8
627,425,512,Move,33491213,8
647,431,512,Move,33491215,8
657,432,512,Move,33491223,8
659,432,512,Move,33491583,8
662,432,512,Move,33491591,8
667,434,512,Move,33491599,8
674,436,512,Move,33491607,8
681,438,512,Move,33491615,8
685,439,512,Move,33491623,8
689,440,512,Move,33491631,8
693,440,512,Move,33491639,8
699,441,512,Move,33491647,8
705,442,512,Move,33491655,8
710,443,512,Move,33491663,8
714,444,512,Move,33491671,8
717,445,512,Move,33491679,8
719,445,512,Move,33491687,8
722,446,512,Move,33491695,8
724,446,512,Move,33491703,8
725,447,512,Move,33491711,8
727,447,512,Move,33491719,8
729,447,512,Move,33491727,8
730,447,512,Move,33491735,8
731,447,512,Move,33491743,8
732,447,512,Move,33491751,8
733,447,512,Move,33491767,8
735,447,512,Move,33492223,8
737,447,512,Move,33492231,8
741,446,512,Move,33492239,8
746,446,512,Move,33492247,8
753,444,512,Move,33492255,8
761,442,512,Move,33492263,8
